% Model:              20150806_thermoelastic_damping_3d.mph
% Version:            COMSOL 5.0.0.243
% Date:               Aug 13 2015, 12:33
% Dimension:          1
% Nodes:              1001
% Expressions:        1
% Description:        Point graph
% X                       Height
1627000                   2.2700533181318963E-11
1627000.2                 2.2764177684308386E-11
1627000.4                 2.2828180012168906E-11
1627000.6                 2.289254319069783E-11
1627000.8                 2.295727027967226E-11
1627001                   2.3022364373783283E-11
1627001.2                 2.3087828602829567E-11
1627001.4                 2.3153666132293463E-11
1627001.6                 2.321988016392817E-11
1627001.8                 2.32864739359677E-11
1627002                   2.3353450724116975E-11
1627002.2                 2.3420813841780728E-11
1627002.4                 2.3488566640686388E-11
1627002.6                 2.3556712511519262E-11
1627002.8                 2.3625254884169994E-11
1627003                   2.3694197228785692E-11
1627003.2                 2.3763543056038282E-11
1627003.4                 2.3833295917799188E-11
1627003.6                 2.3903459407827293E-11
1627003.8                 2.3974037162058514E-11
1627004                   2.4045032859723567E-11
1627004.2                 2.4116450223660712E-11
1627004.4                 2.4188293021047465E-11
1627004.6                 2.4260565064146912E-11
1627004.8                 2.4333270210644602E-11
1627005                   2.4406412364839315E-11
1627005.2                 2.4479995478005403E-11
1627005.4                 2.4554023549187776E-11
1627005.6                 2.4628500626012847E-11
1627005.8                 2.470343080507836E-11
1627006                   2.4778818233224327E-11
1627006.2                 2.485466710795116E-11
1627006.4                 2.4930981678284683E-11
1627006.6                 2.5007766245658663E-11
1627006.8                 2.5085025164364308E-11
1627007                   2.516276284290917E-11
1627007.2                 2.5240983744498072E-11
1627007.4                 2.5319692387975802E-11
1627007.6                 2.5398893348789153E-11
1627007.8                 2.5478591259503577E-11
1627008                   2.5558790811258927E-11
1627008.2                 2.563949675432104E-11
1627008.4                 2.5720713899110918E-11
1627008.6                 2.5802447117255092E-11
1627008.8                 2.5884701342177906E-11
1627009                   2.5967481570664226E-11
1627009.2                 2.605079286349057E-11
1627009.4                 2.613464034655056E-11
1627009.6                 2.6219029212003857E-11
1627009.8                 2.6303964718953574E-11
1627010                   2.638945219512741E-11
1627010.2                 2.647549703759846E-11
1627010.4                 2.656210471401804E-11
1627010.6                 2.6649280763874756E-11
1627010.8                 2.6737030799268008E-11
1627011                   2.6825360506720345E-11
1627011.2                 2.6914275647999546E-11
1627011.4                 2.700378206147161E-11
1627011.6                 2.709388566348289E-11
1627011.8                 2.7184592449242315E-11
1627012                   2.7275908494779416E-11
1627012.2                 2.736783995788105E-11
1627012.4                 2.7460393079578965E-11
1627012.6                 2.755357418566979E-11
1627012.8                 2.764738968772037E-11
1627013                   2.774184608518812E-11
1627013.2                 2.783694996648735E-11
1627013.4                 2.7932708010628066E-11
1627013.6                 2.8029126988890757E-11
1627013.8                 2.812621376597129E-11
1627014                   2.822397530228229E-11
1627014.2                 2.8322418655166745E-11
1627014.4                 2.8421550980706727E-11
1627014.6                 2.8521379535572434E-11
1627014.8                 2.8621911678325566E-11
1627015                   2.872315487192322E-11
1627015.2                 2.882511668509889E-11
1627015.4                 2.8927804794362615E-11
1627015.6                 2.9031226986046577E-11
1627015.8                 2.913539115778888E-11
1627016                   2.9240305321264435E-11
1627016.2                 2.93459776037564E-11
1627016.4                 2.945241625037279E-11
1627016.6                 2.955962962631415E-11
1627016.8                 2.966762621856285E-11
1627017                   2.9776414638869266E-11
1627017.2                 2.988600362554033E-11
1627017.4                 2.999640204590122E-11
1627017.6                 3.0107618898814746E-11
1627017.8                 3.021966331660503E-11
1627018                   3.033254456833175E-11
1627018.2                 3.044627206182651E-11
1627018.4                 3.0560855346432894E-11
1627018.6                 3.0676304115811396E-11
1627018.8                 3.079262821013164E-11
1627019                   3.090983761967177E-11
1627019.2                 3.10279424871389E-11
1627019.4                 3.114695311072558E-11
1627019.6                 3.126687994724004E-11
1627019.8                 3.1387733614606114E-11
1627020                   3.1509524895831136E-11
1627020.2                 3.163226474165225E-11
1627020.4                 3.175596427395399E-11
1627020.6                 3.188063478926965E-11
1627020.8                 3.2006287761634585E-11
1627021                   3.2132934846973303E-11
1627021.2                 3.2260587886120194E-11
1627021.4                 3.238925890865014E-11
1627021.6                 3.251896013680455E-11
1627021.8                 3.264970398875174E-11
1627022                   3.278150308345171E-11
1627022.2                 3.291437024410842E-11
1627022.4                 3.3048318502474104E-11
1627022.6                 3.3183361103262666E-11
1627022.8                 3.331951150787979E-11
1627023                   3.345678339983395E-11
1627023.2                 3.359519068868739E-11
1627023.4                 3.3734747514905135E-11
1627023.6                 3.3875468254829155E-11
1627023.8                 3.401736752495218E-11
1627024                   3.416046018795521E-11
1627024.2                 3.43047613572361E-11
1627024.4                 3.4450286402386906E-11
1627024.6                 3.45970509548153E-11
1627024.8                 3.474507091264923E-11
1627025                   3.489436244749527E-11
1627025.2                 3.504494200963826E-11
1627025.4                 3.519682633424559E-11
1627025.6                 3.535003244773787E-11
1627025.8                 3.5504577673427595E-11
1627026                   3.566047963911006E-11
1627026.2                 3.581775628304433E-11
1627026.4                 3.597642586100147E-11
1627026.6                 3.613650695350542E-11
1627026.8                 3.629801847232834E-11
1627027                   3.646097966904575E-11
1627027.2                 3.662541014193102E-11
1627027.4                 3.679132984398608E-11
1627027.6                 3.6958759091196205E-11
1627027.8                 3.712771857002835E-11
1627028                   3.7298229347107973E-11
1627028.2                 3.747031287718359E-11
1627028.4                 3.764399101230589E-11
1627028.6                 3.7819286011268255E-11
1627028.8                 3.799622054828309E-11
1627029                   3.817481772396766E-11
1627029.2                 3.83551010745673E-11
1627029.4                 3.853709458248129E-11
1627029.6                 3.872082268709516E-11
1627029.8                 3.890631029484512E-11
1627030                   3.909358279173787E-11
1627030.2                 3.9282666054059316E-11
1627030.4                 3.9473586460485924E-11
1627030.6                 3.9666370904556504E-11
1627030.8                 3.9861046806378657E-11
1627031                   4.0057642126953617E-11
1627031.2                 4.0256185380644336E-11
1627031.4                 4.045670564916063E-11
1627031.6                 4.06592325959706E-11
1627031.8                 4.086379647995645E-11
1627032                   4.1070428171872145E-11
1627032.2                 4.1279159168903616E-11
1627032.4                 4.1490021610878016E-11
1627032.6                 4.170304829697877E-11
1627032.8                 4.191827270172522E-11
1627033                   4.213572899396194E-11
1627033.2                 4.235545205391673E-11
1627033.4                 4.257747749206122E-11
1627033.6                 4.280184166857384E-11
1627033.8                 4.30285817121019E-11
1627034                   4.325773554176942E-11
1627034.2                 4.348934188723062E-11
1627034.4                 4.372344031070498E-11
1627034.6                 4.396007122973444E-11
1627034.8                 4.419927593929079E-11
1627035                   4.444109663740053E-11
1627035.2                 4.4685576448807186E-11
1627035.4                 4.493275945082589E-11
1627035.6                 4.5182690700067834E-11
1627035.8                 4.5435416258589704E-11
1627036                   4.5690983223874945E-11
1627036.2                 4.594943975686439E-11
1627036.4                 4.62108351124299E-11
1627036.6                 4.647521967090156E-11
1627036.8                 4.674264496912507E-11
1627037                   4.701316373571806E-11
1627037.2                 4.728682992441576E-11
1627037.4                 4.756369875016065E-11
1627037.6                 4.784382672647487E-11
1627037.8                 4.8127271702508604E-11
1627038                   4.841409290472065E-11
1627038.2                 4.870435097672553E-11
1627038.4                 4.89981080222501E-11
1627038.6                 4.929542764966049E-11
1627038.8                 4.959637501636527E-11
1627039                   4.990101687836531E-11
1627039.2                 5.020942163810123E-11
1627039.4                 5.0521659395855203E-11
1627039.6                 5.083780200308911E-11
1627039.8                 5.1157923115929696E-11
1627040                   5.1482098254420176E-11
1627040.2                 5.181040486027099E-11
1627040.4                 5.2142922358715255E-11
1627040.6                 5.247973222276712E-11
1627040.8                 5.282091803799357E-11
1627041                   5.316656557380651E-11
1627041.2                 5.3516762853553106E-11
1627041.4                 5.3871600229397434E-11
1627041.6                 5.423117046020549E-11
1627041.8                 5.459556879043833E-11
1627042                   5.496489303649356E-11
1627042.2                 5.5339243672277254E-11
1627042.4                 5.5718723920434605E-11
1627042.6                 5.610343984736118E-11
1627042.8                 5.649350045989278E-11
1627043                   5.688901781059816E-11
1627043.2                 5.729010710292027E-11
1627043.4                 5.7696886803081394E-11
1627043.6                 5.81094787567872E-11
1627043.8                 5.852800830851715E-11
1627044                   5.895260443087562E-11
1627044.2                 5.938339985466455E-11
1627044.4                 5.982053120714749E-11
1627044.6                 6.026413915645723E-11
1627044.8                 6.071436855982568E-11
1627045                   6.117136862373844E-11
1627045.2                 6.1635293066042E-11
1627045.4                 6.210630028810737E-11
1627045.6                 6.258455355493054E-11
1627045.8                 6.307022118074897E-11
1627046                   6.356347672899904E-11
1627046.2                 6.406449921596047E-11
1627046.4                 6.457347332692739E-11
1627046.6                 6.509058964273294E-11
1627046.8                 6.561604487412618E-11
1627047                   6.61500421136703E-11
1627047.2                 6.669279109377765E-11
1627047.4                 6.724450846058559E-11
1627047.6                 6.78054180614826E-11
1627047.8                 6.837575124373678E-11
1627048                   6.895574717489476E-11
1627048.2                 6.954565317279755E-11
1627048.4                 7.014572505594599E-11
1627048.6                 7.075622751207108E-11
1627048.8                 7.137743448237166E-11
1627049                   7.200962957329332E-11
1627049.2                 7.2653106482902E-11
1627049.4                 7.330816945383696E-11
1627049.6                 7.397513375084256E-11
1627049.8                 7.465432616045546E-11
1627050                   7.53460855262035E-11
1627050.2                 7.605076330558617E-11
1627050.4                 7.676872416237925E-11
1627050.6                 7.750034659257276E-11
1627050.8                 7.824602358180255E-11
1627051                   7.900616330950035E-11
1627051.2                 7.978118988532297E-11
1627051.4                 8.05715441333917E-11
1627051.6                 8.137768442323138E-11
1627051.8                 8.220008754584221E-11
1627052                   8.303924965254958E-11
1627052.2                 8.389568724167224E-11
1627052.4                 8.476993821115832E-11
1627052.6                 8.566256297711057E-11
1627052.8                 8.657414565768871E-11
1627053                   8.750529534327606E-11
1627053.2                 8.845664743782907E-11
1627053.4                 8.942886509312843E-11
1627053.6                 9.042264073764539E-11
1627053.8                 9.14386977013832E-11
1627054                   9.247779196209345E-11
1627054.2                 9.35407139984343E-11
1627054.4                 9.462829077685746E-11
1627054.6                 9.574138787702201E-11
1627054.8                 9.688091176038884E-11
1627055                   9.804781221392672E-11
1627055.2                 9.924308495662405E-11
1627055.4                 1.0046777444308821E-10
1627055.6                 1.0172297687438387E-10
1627055.8                 1.0300984342655941E-10
1627056                   1.043295837386826E-10
1627056.2                 1.0568346965299298E-10
1627056.4                 1.0707283925306565E-10
1627056.6                 1.0849910121955306E-10
1627056.8                 1.0996373952427424E-10
1627057                   1.1146831852018071E-10
1627057.2                 1.1301448843003022E-10
1627057.4                 1.1460399129854208E-10
1627057.6                 1.1623866744451549E-10
1627057.8                 1.1792046245244777E-10
1627058                   1.1965143478739153E-10
1627058.2                 1.2143376405643607E-10
1627058.4                 1.2326976001385915E-10
1627058.6                 1.2516187237769078E-10
1627058.8                 1.2711270153229614E-10
1627059                   1.2912501024680459E-10
1627059.2                 1.3120173647397474E-10
1627059.4                 1.333460073846962E-10
1627059.6                 1.3556115476566676E-10
1627059.8                 1.3785073192271388E-10
1627060                   1.402185323051698E-10
1627060.2                 1.4266860999994488E-10
1627060.4                 1.4520530236123424E-10
1627060.6                 1.478332550226456E-10
1627060.8                 1.505574495711265E-10
1627061                   1.533832342665111E-10
1627061.2                 1.5631635813231264E-10
1627061.4                 1.5936300890737134E-10
1627061.6                 1.6252985535479778E-10
1627061.8                 1.6582409449783945E-10
1627062                   1.6925350451910274E-10
1627062.2                 1.7282650403819376E-10
1627062.4                 1.7655221873880213E-10
1627062.6                 1.8044055639473437E-10
1627062.8                 1.845022915162756E-10
1627063                   1.887491611429184E-10
1627063.2                 1.9319397340293053E-10
1627063.4                 1.9785073092097404E-10
1627063.6                 2.027347714299518E-10
1627063.8                 2.0786292837095667E-10
1627064                   2.1325371490854246E-10
1627064.2                 2.1892753522687878E-10
1627064.4                 2.249069279446229E-10
1627064.6                 2.3121684731778875E-10
1627064.8                 2.378849890361246E-10
1627065                   2.449421689752944E-10
1627065.2                 2.5242276473399366E-10
1627065.4                 2.603652321604172E-10
1627065.6                 2.6881271153886536E-10
1627065.8                 2.778137413010622E-10
1627066                   2.874231012882471E-10
1627066.2                 2.9770281211725586E-10
1627066.4                 3.087233235240812E-10
1627066.6                 3.205649316616897E-10
1627066.8                 3.3331947410726194E-10
1627067                   3.470923620907294E-10
1627067.2                 3.6200502108893785E-10
1627067.4                 3.781978247805569E-10
1627067.6                 3.9583362056230385E-10
1627067.8                 4.15101955661068E-10
1627068                   4.362241160034976E-10
1627068.2                 4.594590726373913E-10
1627068.4                 4.851103736174582E-10
1627068.6                 5.135338792560889E-10
1627068.8                 5.451459397133639E-10
1627069                   5.804310132293683E-10
1627069.2                 6.199465558326152E-10
1627069.4                 6.643208138386179E-10
1627069.6                 7.142351096563782E-10
1627069.8                 7.703750614079776E-10
1627070                   8.333232738782364E-10
1627070.2                 9.033484431463616E-10
1627070.4                 9.800265419867686E-10
1627070.6                 1.0616294582687075E-9
1627070.8                 1.1442945601492737E-9
1627071                   1.221252414250377E-9
1627071.2                 1.2828806134334214E-9
1627071.4                 1.3186596495871667E-9
1627071.6                 1.3211651195940786E-9
1627071.8                 1.2898381667646324E-9
1627072                   1.2312979692713378E-9
1627072.2                 1.1558965476198242E-9
1627072.4                 1.073560814773559E-9
1627072.6                 9.915064946696667E-10
1627072.8                 9.139745630992764E-10
1627073                   8.429451106457126E-10
1627073.2                 7.789858828762941E-10
1627073.4                 7.218995245506925E-10
1627073.6                 6.711323864501967E-10
1627073.8                 6.260052028366652E-10
1627074                   5.858320307814716E-10
1627074.2                 5.499753961655537E-10
1627074.4                 5.178672932810973E-10
1627074.6                 4.890129756357984E-10
1627074.8                 4.629867469669072E-10
1627075                   4.3942456399761047E-10
1627075.2                 4.1801585802513595E-10
1627075.4                 3.984957015521324E-10
1627075.6                 3.8063778421550894E-10
1627075.8                 3.6424833078411895E-10
1627076                   3.491609370035057E-10
1627076.2                 3.3523223355706823E-10
1627076.4                 3.223382668166153E-10
1627076.6                 3.103714862729329E-10
1627076.8                 2.9923823863316775E-10
1627077                   2.8885668161786816E-10
1627077.2                 2.7915504445674655E-10
1627077.4                 2.7007017392621124E-10
1627077.6                 2.6154631577453963E-10
1627077.8                 2.5353409039065204E-10
1627078                   2.4598962888018765E-10
1627078.2                 2.38873842211639E-10
1627078.4                 2.321518007657572E-10
1627078.6                 2.2579220590498132E-10
1627078.8                 2.1976693847101896E-10
1627079                   2.1405067166321773E-10
1627079.2                 2.0862053819164463E-10
1627079.4                 2.0345584311518392E-10
1627079.6                 1.9853781537457678E-10
1627079.8                 1.938493921999935E-10
1627080                   1.8937503143059823E-10
1627080.2                 1.8510054777920266E-10
1627080.4                 1.8101296952992044E-10
1627080.6                 1.771004128154304E-10
1627080.8                 1.7335197105991505E-10
1627081                   1.6975761745786885E-10
1627081.2                 1.6630811882864858E-10
1627081.4                 1.629949592866216E-10
1627081.6                 1.5981027247741894E-10
1627081.8                 1.5674678130706844E-10
1627082                   1.5379774417257996E-10
1627082.2                 1.5095690696232073E-10
1627082.4                 1.4821846007498937E-10
1627082.6                 1.4557699987538628E-10
1627082.8                 1.4302749408012365E-10
1627083                   1.4056525057446618E-10
1627083.2                 1.3818588932730613E-10
1627083.4                 1.3588531701360354E-10
1627083.6                 1.336597040593138E-10
1627083.8                 1.315054638571572E-10
1627084                   1.294192338828657E-10
1627084.2                 1.273978585598254E-10
1627084.4                 1.254383736533191E-10
1627084.6                 1.2353799204918473E-10
1627084.8                 1.2169409078696117E-10
1627085                   1.199041991900604E-10
1627085.2                 1.1816598802670778E-10
1627085.4                 1.1647725957005E-10
1627085.6                 1.1483593848144137E-10
1627085.8                 1.1324006344794494E-10
1627086                   1.1168777947577403E-10
1627086.2                 1.101773308154641E-10
1627086.4                 1.0870705443405032E-10
1627086.6                 1.0727537399398675E-10
1627086.8                 1.0588079430167292E-10
1627087                   1.0452189616011382E-10
1627087.2                 1.0319733162246899E-10
1627087.4                 1.0190581958838595E-10
1627087.6                 1.0064614172195244E-10
1627087.8                 9.941713867134145E-11
1627088                   9.821770654383574E-11
1627088.2                 9.704679364341805E-11
1627088.4                 9.590339742875442E-11
1627088.6                 9.478656168089975E-11
1627088.8                 9.369537387037125E-11
1627089                   9.262896268904558E-11
1627089.2                 9.158649575908654E-11
1627089.4                 9.056717748674906E-11
1627089.6                 8.957024705627673E-11
1627089.8                 8.85949765589817E-11
1627090                   8.764066923054281E-11
1627090.2                 8.670665781091857E-11
1627090.4                 8.57923030013232E-11
1627090.6                 8.489699201683092E-11
1627090.8                 8.402013723283107E-11
1627091                   8.316117490349188E-11
1627091.2                 8.231956396730927E-11
1627091.4                 8.149478491874545E-11
1627091.6                 8.068633874642722E-11
1627091.8                 7.989374593794539E-11
1627092                   7.911654553301744E-11
1627092.2                 7.835429423998372E-11
1627092.4                 7.760656559791241E-11
1627092.6                 7.687294918585636E-11
1627092.8                 7.615304988035221E-11
1627093                   7.544648714556415E-11
1627093.2                 7.475289437052857E-11
1627093.4                 7.407191823821846E-11
1627093.6                 7.340321812854941E-11
1627093.8                 7.274646555701156E-11
1627094                   7.210134363533027E-11
1627094.2                 7.146754656791024E-11
1627094.4                 7.084477917065744E-11
1627094.6                 7.023275641459745E-11
1627094.8                 6.963120299628503E-11
1627095                   6.903985292297977E-11
1627095.2                 6.845844912555686E-11
1627095.4                 6.788674308724165E-11
1627095.6                 6.732449449070297E-11
1627095.8                 6.677147088564888E-11
1627096                   6.622744736615772E-11
1627096.2                 6.569220626992205E-11
1627096.4                 6.516553688870531E-11
1627096.6                 6.464723519255968E-11
1627096.8                 6.413710356999585E-11
1627097                   6.363495057437332E-11
1627097.2                 6.314059068791706E-11
1627097.4                 6.265384409366627E-11
1627097.6                 6.21745364578563E-11
1627097.8                 6.170249872491118E-11
1627098                   6.123756691618024E-11
1627098.2                 6.077958194309668E-11
1627098.4                 6.032838942590888E-11
1627098.6                 5.988383952040752E-11
1627098.8                 5.944578675477169E-11
1627099                   5.901408986840939E-11
1627099.2                 5.858861166278263E-11
1627099.4                 5.8169218856098044E-11
1627099.6                 5.7755781944183705E-11
1627099.8                 5.7348175069605886E-11
1627100                   5.6946275891535926E-11
1627100.2                 5.6549965465725723E-11
1627100.4                 5.6159128127099723E-11
1627100.6                 5.57736513771794E-11
1627100.8                 5.5393425778307966E-11
1627101                   5.501834484774446E-11
1627101.2                 5.4648304960397995E-11
1627101.4                 5.4283205253262716E-11
1627101.6                 5.392294753365957E-11
1627101.8                 5.356743619316448E-11
1627102                   5.321657812078156E-11
1627102.2                 5.287028262359498E-11
1627102.4                 5.252846134844516E-11
1627102.6                 5.219102820662784E-11
1627102.8                 5.185789930340696E-11
1627103                   5.152899286633572E-11
1627103.2                 5.120422918012257E-11
1627103.4                 5.088353052202196E-11
1627103.6                 5.0566821099644063E-11
1627103.8                 5.025402699288634E-11
1627104                   4.994507609437154E-11
1627104.2                 4.963989805567164E-11
1627104.4                 4.9338424233688096E-11
1627104.6                 4.904058763897983E-11
1627104.8                 4.8746322887660326E-11
1627105                   4.845556615159663E-11
1627105.2                 4.816825511377156E-11
1627105.4                 4.7884328923528366E-11
1627105.6                 4.7603728153395703E-11
1627105.8                 4.7326394759033104E-11
1627106                   4.705227203734618E-11
1627106.2                 4.678130458924753E-11
1627106.4                 4.651343828209855E-11
1627106.6                 4.6248620213441336E-11
1627106.8                 4.59867986774842E-11
1627107                   4.572792312967802E-11
1627107.2                 4.5471944155502966E-11
1627107.4                 4.5218813438789355E-11
1627107.6                 4.4968483731097294E-11
1627107.8                 4.472090882354803E-11
1627108                   4.447604351670446E-11
1627108.2                 4.423384359429412E-11
1627108.4                 4.3994265796359134E-11
1627108.6                 4.375726779328094E-11
1627108.8                 4.352280816200386E-11
1627109                   4.329084636029633E-11
1627109.2                 4.306134270453768E-11
1627109.4                 4.2834258346857024E-11
1627109.6                 4.2609555252998383E-11
1627109.8                 4.238719618217243E-11
1627110                   4.216714466495384E-11
1627110.2                 4.1949364984431637E-11
1627110.4                 4.173382215665954E-11
1627110.6                 4.152048191171218E-11
1627110.8                 4.1309310676548315E-11
1627111                   4.1100275555942354E-11
1627111.2                 4.0893344316431363E-11
1627111.4                 4.068848536952778E-11
1627111.6                 4.048566775544044E-11
1627111.8                 4.028486112844873E-11
1627112                   4.008603574037794E-11
1627112.2                 3.988916242688242E-11
1627112.4                 3.969421259297346E-11
1627112.6                 3.950115819897536E-11
1627112.8                 3.930997174800221E-11
1627113                   3.912062627157676E-11
1627113.2                 3.893309531787256E-11
1627113.4                 3.874735293919066E-11
1627113.6                 3.856337367979907E-11
1627113.8                 3.8381132565177456E-11
1627114                   3.8200605089449374E-11
1627114.2                 3.8021767205274595E-11
1627114.4                 3.7844595312973373E-11
1627114.6                 3.766906624995851E-11
1627114.8                 3.749515728147294E-11
1627115                   3.7322846089562957E-11
1627115.2                 3.715211076436549E-11
1627115.4                 3.698292979463029E-11
1627115.6                 3.6815282058505314E-11
1627115.8                 3.664914681553871E-11
1627116                   3.648450369696712E-11
1627116.2                 3.632133269818627E-11
1627116.4                 3.615961417046459E-11
1627116.6                 3.5999328812881805E-11
1627116.8                 3.584045766540631E-11
1627117                   3.5682982100310004E-11
1627117.2                 3.5526883815646267E-11
1627117.4                 3.5372144827982034E-11
1627117.6                 3.521874746532364E-11
1627117.8                 3.5066674361111345E-11
1627118                   3.4915908446602694E-11
1627118.2                 3.476643294521112E-11
1627118.4                 3.461823136611208E-11
1627118.6                 3.447128749801612E-11
1627118.8                 3.432558540394863E-11
1627119                   3.418110941446905E-11
1627119.2                 3.4037844122746684E-11
1627119.4                 3.389577437891938E-11
1627119.6                 3.3754885284596604E-11
1627119.8                 3.3615162188313096E-11
1627120                   3.347659067947194E-11
1627120.2                 3.333915658405393E-11
1627120.4                 3.32028459596262E-11
1627120.6                 3.306764509047626E-11
1627120.8                 3.2933540483645594E-11
1627121                   3.280051886350195E-11
1627121.2                 3.266856716799462E-11
1627121.4                 3.253767254422598E-11
1627121.6                 3.240782234413271E-11
1627121.8                 3.2279004121020037E-11
1627122                   3.215120562468232E-11
1627122.2                 3.202441479813017E-11
1627122.4                 3.189861977365129E-11
1627122.6                 3.177380886896709E-11
1627122.8                 3.1649970584200486E-11
1627123                   3.152709359747592E-11
1627123.2                 3.140516676205516E-11
1627123.4                 3.12841791028245E-11
1627123.6                 3.116411981286606E-11
1627123.8                 3.104497825080156E-11
1627124                   3.092674393681293E-11
1627124.2                 3.080940655013306E-11
1627124.4                 3.0692955925905516E-11
1627124.6                 3.0577382052118344E-11
1627124.8                 3.046267506727492E-11
1627125                   3.03488252567845E-11
1627125.2                 3.023582305076192E-11
1627125.4                 3.0123659021213707E-11
1627125.6                 3.001232387928968E-11
1627125.8                 2.9901808473238764E-11
1627126                   2.9792103785126156E-11
1627126.2                 2.9683200928902153E-11
1627126.4                 2.957509114787543E-11
1627126.6                 2.946776581224349E-11
1627126.8                 2.9361216417297646E-11
1627127                   2.9255434580429035E-11
1627127.2                 2.915041203943289E-11
1627127.4                 2.9046140650234217E-11
1627127.6                 2.894261238466447E-11
1627127.8                 2.8839819328884342E-11
1627128                   2.8737753680645836E-11
1627128.2                 2.8636407747803115E-11
1627128.4                 2.853577394626075E-11
1627128.6                 2.8435844797967853E-11
1627128.8                 2.8336612929531775E-11
1627129                   2.8238071069708218E-11
1627129.2                 2.8140212048092936E-11
1627129.4                 2.8043028793267287E-11
1627129.6                 2.7946514330984556E-11
1627129.8                 2.78506617829515E-11
1627130                   2.7755464364521767E-11
1627130.2                 2.766091538354661E-11
1627130.4                 2.75670082386953E-11
1627130.6                 2.7473736417811885E-11
1627130.8                 2.7381093496844763E-11
1627131                   2.7289073137721418E-11
1627131.2                 2.7197669087339354E-11
1627131.4                 2.710687517604192E-11
1627131.6                 2.7016685316126558E-11
1627131.8                 2.6927093500904697E-11
1627132                   2.6838093802739205E-11
1627132.2                 2.6749680372158866E-11
1627132.4                 2.6661847436472537E-11
1627132.6                 2.6574589298412458E-11
1627132.8                 2.6487900335309122E-11
1627133                   2.64017749972749E-11
1627133.2                 2.6316207806427592E-11
1627133.4                 2.6231193355628097E-11
1627133.6                 2.614672630724421E-11
1627133.8                 2.6062801392427152E-11
1627134                   2.5979413409426774E-11
1627134.2                 2.589655722291169E-11
1627134.4                 2.581422776281716E-11
1627134.6                 2.5732420023216823E-11
1627134.8                 2.5651129061689187E-11
1627135                   2.557034999775155E-11
1627135.2                 2.54900780122655E-11
1627135.4                 2.5410308346383888E-11
1627135.6                 2.5331036300518896E-11
1627135.8                 2.5252257233788484E-11
1627136                   2.5173966562557548E-11
1627136.2                 2.5096159759919344E-11
1627136.4                 2.5018832354730973E-11
1627136.6                 2.4941979930668366E-11
1627136.8                 2.486559812574338E-11
1627137                   2.4789682630942332E-11
1627137.2                 2.471422918977461E-11
1627137.4                 2.4639233597387995E-11
1627137.6                 2.4564691699701554E-11
1627137.8                 2.4490599392985745E-11
1627138                   2.4416952622589152E-11
1627138.2                 2.434374738254698E-11
1627138.4                 2.427097971476815E-11
1627138.6                 2.4198645708238433E-11
1627138.8                 2.4126741498656585E-11
1627139                   2.405526326724138E-11
1627139.2                 2.398420724039324E-11
1627139.4                 2.3913569688946273E-11
1627139.6                 2.3843346927434658E-11
1627139.8                 2.3773535313778694E-11
1627140                   2.3704131248164992E-11
1627140.2                 2.3635131172755597E-11
1627140.4                 2.3566531570998408E-11
1627140.6                 2.3498328966951005E-11
1627140.8                 2.3430519925011053E-11
1627141                   2.336310104886335E-11
1627141.2                 2.3296068981231183E-11
1627141.4                 2.3229420403239768E-11
1627141.6                 2.3163152033791932E-11
1627141.8                 2.309726062933807E-11
1627142                   2.303174298288448E-11
1627142.2                 2.2966595923782298E-11
1627142.4                 2.2901816317139048E-11
1627142.6                 2.283740106324124E-11
1627142.8                 2.2773347097359842E-11
1627143                   2.2709651388814554E-11
1627143.2                 2.2646310940796416E-11
1627143.4                 2.2583322789822987E-11
1627143.6                 2.2520684005203632E-11
1627143.8                 2.2458391688876555E-11
1627144                   2.23964429745246E-11
1627144.2                 2.233483502742788E-11
1627144.4                 2.2273565043958566E-11
1627144.6                 2.2212630251085056E-11
1627144.8                 2.215202790623725E-11
1627145                   2.2091755296469642E-11
1627145.2                 2.2031809738340834E-11
1627145.4                 2.1972188577444432E-11
1627145.6                 2.1912889187948556E-11
1627145.8                 2.1853908972486366E-11
1627146                   2.179524536136281E-11
1627146.2                 2.173689581245808E-11
1627146.4                 2.1678857810791495E-11
1627146.6                 2.162112886809319E-11
1627146.8                 2.1563706522717293E-11
1627147                   2.1506588338888882E-11
1627147.2                 2.144977190662896E-11
1627147.4                 2.1393254841348295E-11
1627147.6                 2.1337034783448715E-11
1627147.8                 2.128110939825633E-11
1627148                   2.122547637530583E-11
1627148.2                 2.117013342828458E-11
1627148.4                 2.1115078294654028E-11
1627148.6                 2.1060308735277793E-11
1627148.8                 2.100582253437314E-11
1627149                   2.095161749882964E-11
1627149.2                 2.0897691458170422E-11
1627149.4                 2.084404226419876E-11
1627149.6                 2.0790667790650938E-11
1627149.8                 2.0737565933163714E-11
1627150                   2.0684734608625067E-11
1627150.2                 2.0632171755150804E-11
1627150.4                 2.0579875331754165E-11
1627150.6                 2.0527843318021304E-11
1627150.8                 2.0476073714093314E-11
1627151                   2.0424564540046557E-11
1627151.2                 2.037331383588308E-11
1627151.4                 2.0322319661221323E-11
1627151.6                 2.027158009499246E-11
1627151.8                 2.022109323543529E-11
1627152                   2.0170857199504254E-11
1627152.2                 2.012087012287201E-11
1627152.4                 2.0071130159639807E-11
1627152.6                 2.002163548205268E-11
1627152.8                 1.9972384280506096E-11
1627153                   1.9923374762979623E-11
1627153.2                 1.9874605155050512E-11
1627153.4                 1.9826073699621875E-11
1627153.6                 1.977777865665567E-11
1627153.8                 1.9729718303189465E-11
1627154                   1.9681890932794218E-11
1627154.2                 1.9634294855597706E-11
1627154.4                 1.958692839802907E-11
1627154.6                 1.9539789902568098E-11
1627154.8                 1.9492877727771176E-11
1627155                   1.94461902477516E-11
1627155.2                 1.9399725852211565E-11
1627155.4                 1.9353482946202067E-11
1627155.6                 1.930745994988711E-11
1627155.8                 1.9261655298577888E-11
1627156                   1.9216067442234033E-11
1627156.2                 1.917069484550346E-11
1627156.4                 1.9125535987496332E-11
1627156.6                 1.9080589361563006E-11
1627156.8                 1.9035853475335597E-11
1627157                   1.899132685024893E-11
1627157.2                 1.8947008021587215E-11
1627157.4                 1.8902895538271112E-11
1627157.6                 1.8858987962648405E-11
1627157.8                 1.881528387054208E-11
1627158                   1.8771781850789744E-11
1627158.2                 1.8728480505296487E-11
1627158.4                 1.8685378448833926E-11
1627158.6                 1.8642474308842722E-11
1627158.8                 1.8599766725486488E-11
1627159                   1.8557254351208512E-11
1627159.2                 1.8514935850790084E-11
1627159.4                 1.8472809901160695E-11
1627159.6                 1.8430875191211506E-11
1627159.8                 1.838913042185444E-11
1627160                   1.8347574305595132E-11
1627160.2                 1.8306205566596172E-11
1627160.4                 1.8265022940497585E-11
1627160.6                 1.822402517424051E-11
1627160.8                 1.818321102613081E-11
1627161                   1.8142579265427428E-11
1627161.2                 1.810212867240982E-11
1627161.4                 1.8061858038208115E-11
1627161.6                 1.8021766164636214E-11
1627161.8                 1.798185186425939E-11
1627162                   1.7942113959997168E-11
1627162.2                 1.7902551285194462E-11
1627162.4                 1.7863162683460728E-11
1627162.6                 1.782394700851175E-11
1627162.8                 1.7784903124240927E-11
1627163                   1.7746029904335637E-11
1627163.2                 1.770732623235182E-11
1627163.4                 1.7668791001561325E-11
1627163.6                 1.7630423114801996E-11
1627163.8                 1.759222148455192E-11
1627164                   1.7554185032558788E-11
1627164.2                 1.7516312689917346E-11
1627164.4                 1.7478603396924496E-11
1627164.6                 1.744105610293692E-11
1627164.8                 1.7403669766448137E-11
1627165                   1.7366443354730026E-11
1627165.2                 1.7329375843912778E-11
1627165.4                 1.729246621884721E-11
1627165.6                 1.725571347296951E-11
1627165.8                 1.7219116608380678E-11
1627166                   1.718267463549952E-11
1627166.2                 1.7146386573144824E-11
1627166.4                 1.711025144840445E-11
1627166.6                 1.7074268296506584E-11
1627166.8                 1.7038436160901362E-11
1627167                   1.7002754092924707E-11
1627167.2                 1.69672211518824E-11
1627167.4                 1.6931836404925476E-11
1627167.6                 1.68965989269277E-11
1627167.8                 1.6861507800568795E-11
1627168                   1.6826562116008883E-11
1627168.2                 1.679176097097396E-11
1627168.4                 1.6757103470637302E-11
1627168.6                 1.6722588727502608E-11
1627168.8                 1.6688215861488904E-11
1627169                   1.6653983999614567E-11
1627169.2                 1.6619892276084453E-11
1627169.4                 1.6585939832176557E-11
1627169.6                 1.655212581613074E-11
1627169.8                 1.651844938323473E-11
1627170                   1.648490969551773E-11
1627170.2                 1.645150592183844E-11
1627170.4                 1.6418237237777035E-11
1627170.6                 1.6385102825528857E-11
1627170.8                 1.6352101873991595E-11
1627171                   1.6319233578467592E-11
1627171.2                 1.6286497140752998E-11
1627171.4                 1.6253891769034494E-11
1627171.6                 1.622141667778771E-11
1627171.8                 1.6189071087865255E-11
1627172                   1.615685422620763E-11
1627172.2                 1.612476532593295E-11
1627172.4                 1.6092803626238275E-11
1627172.6                 1.606096837230253E-11
1627172.8                 1.6029258815375194E-11
1627173                   1.5997674212495194E-11
1627173.2                 1.5966213826581358E-11
1627173.4                 1.5934876926337916E-11
1627173.6                 1.5903662786161588E-11
1627173.8                 1.587257068623085E-11
1627174                   1.5841599912232518E-11
1627174.2                 1.581074975545261E-11
1627174.4                 1.5780019512685856E-11
1627174.6                 1.5749408486146756E-11
1627174.8                 1.5718915983559155E-11
1627175                   1.5688541317890257E-11
1627175.2                 1.565828380744172E-11
1627175.4                 1.5628142775762993E-11
1627175.6                 1.5598117551565992E-11
1627175.8                 1.556820746881499E-11
1627176                   1.5538411866467652E-11
1627176.2                 1.550873008856629E-11
1627176.4                 1.5479161484154714E-11
1627176.6                 1.5449705407196455E-11
1627176.8                 1.542036121666474E-11
1627177                   1.539112827629027E-11
1627177.2                 1.5362005954652505E-11
1627177.4                 1.5332993625099913E-11
1627177.6                 1.5304090665671427E-11
1627177.8                 1.5275296459186447E-11
1627178                   1.524661039299905E-11
1627178.2                 1.5218031859089322E-11
1627178.4                 1.5189560253986614E-11
1627178.6                 1.516119497869416E-11
1627178.8                 1.5132935438779066E-11
1627179                   1.5104781044132605E-11
1627179.2                 1.507673120906143E-11
1627179.4                 1.5048785352213827E-11
1627179.6                 1.5020942896507254E-11
1627179.8                 1.499320326921816E-11
1627180                   1.4965565901748185E-11
1627180.2                 1.493803022971517E-11
1627180.4                 1.4910595692882235E-11
1627180.6                 1.488326173508803E-11
1627180.8                 1.485602780433634E-11
1627181                   1.4828893352568026E-11
1627181.2                 1.4801857835751625E-11
1627181.4                 1.4774920713815142E-11
1627181.6                 1.474808145057895E-11
1627181.8                 1.4721339513845016E-11
1627182                   1.4694694375174318E-11
1627182.2                 1.4668145509977115E-11
1627182.4                 1.464169239744724E-11
1627182.6                 1.4615334520497402E-11
1627182.8                 1.4589071365848144E-11
1627183                   1.4562902423810437E-11
1627183.2                 1.453682718837554E-11
1627183.4                 1.4510845157151655E-11
1627183.6                 1.448495583130162E-11
1627183.8                 1.4459158715631386E-11
1627184                   1.4433453318377669E-11
1627184.2                 1.4407839151297331E-11
1627184.4                 1.4382315729606315E-11
1627184.6                 1.4356882571919484E-11
1627184.8                 1.4331539200338713E-11
1627185                   1.4306285140245307E-11
1627185.2                 1.4281119920388913E-11
1627185.4                 1.4256043072828554E-11
1627185.6                 1.4231054132874602E-11
1627185.8                 1.4206152639176325E-11
1627186                   1.4181338133518972E-11
1627186.2                 1.415661016091213E-11
1627186.4                 1.4131968269532784E-11
1627186.6                 1.410741201066926E-11
1627186.8                 1.4082940938808262E-11
1627187                   1.4058554611436378E-11
1627187.2                 1.4034252589127916E-11
1627187.4                 1.4010034435489807E-11
1627187.6                 1.3985899717107492E-11
1627187.8                 1.396184800363138E-11
1627188                   1.3937878867582618E-11
1627188.2                 1.3913991884440328E-11
1627188.4                 1.3890186632588366E-11
1627188.6                 1.3866462693262974E-11
1627188.8                 1.3842819650638583E-11
1627189                   1.381925709163784E-11
1627189.2                 1.3795774606018087E-11
1627189.4                 1.377237178631994E-11
1627189.6                 1.374904822781659E-11
1627189.8                 1.3725803528598988E-11
1627190                   1.3702637289389873E-11
1627190.2                 1.3679549113629598E-11
1627190.4                 1.3656538607426318E-11
1627190.6                 1.3633605379506946E-11
1627190.8                 1.3610749041301669E-11
1627191                   1.3587969206761814E-11
1627191.2                 1.3565265492445051E-11
1627191.4                 1.354263751746705E-11
1627191.6                 1.3520084903454046E-11
1627191.8                 1.3497607274626683E-11
1627192                   1.347520425762155E-11
1627192.2                 1.3452875481575731E-11
1627192.4                 1.3430620578079924E-11
1627192.6                 1.34084391811325E-11
1627192.8                 1.3386330927222596E-11
1627193                   1.3364295455155346E-11
1627193.2                 1.3342332406135573E-11
1627193.4                 1.3320441423722475E-11
1627193.6                 1.329862215378498E-11
1627193.8                 1.3276874244584158E-11
1627194                   1.3255197346601945E-11
1627194.2                 1.3233591112624084E-11
1627194.4                 1.321205519769618E-11
1627194.6                 1.3190589259080358E-11
1627194.8                 1.3169192956336972E-11
1627195                   1.3147865951156709E-11
1627195.2                 1.312660790744275E-11
1627195.4                 1.310541849126811E-11
1627195.6                 1.308429737083363E-11
1627195.8                 1.3063244216548902E-11
1627196                   1.304225870086761E-11
1627196.2                 1.3021340498368981E-11
1627196.4                 1.3000489285716339E-11
1627196.6                 1.2979704741616293E-11
1627196.8                 1.2958986546898928E-11
1627197                   1.2938334384356332E-11
1627197.2                 1.2917747938823227E-11
1627197.4                 1.2897226897136742E-11
1627197.6                 1.2876770948096727E-11
1627197.8                 1.2856379782545236E-11
1627198                   1.2836053093208045E-11
1627198.2                 1.2815790574774579E-11
1627198.4                 1.2795591923858754E-11
1627198.6                 1.2775456838960433E-11
1627198.8                 1.2755385020544145E-11
1627199                   1.2735376170883557E-11
1627199.2                 1.27154299941406E-11
1627199.4                 1.2695546196327434E-11
1627199.6                 1.2675724485268954E-11
1627199.8                 1.2655964570680706E-11
1627200                   1.2636266164016252E-11
