% Model:              20150819_beam.mph
% Version:            COMSOL 5.0.0.243
% Date:               Aug 26 2015, 11:20
% Dimension:          1
% Nodes:              1001
% Expressions:        1
% Description:        Point graph
% x                       Height
1591500                   5.73311720462069E-9
1591500.2                 5.740377697071814E-9
1591500.4                 5.74765660361458E-9
1591500.6                 5.754953994397261E-9
1591500.8                 5.762269939899317E-9
1591501                   5.7696045109845964E-9
1591501.2                 5.776957778869693E-9
1591501.4                 5.78432981513472E-9
1591501.6                 5.79172069173425E-9
1591501.8                 5.799130480965218E-9
1591502                   5.80655925552091E-9
1591502.2                 5.814007088458941E-9
1591502.4                 5.8214740532122296E-9
1591502.6                 5.828960223600156E-9
1591502.8                 5.83646567379611E-9
1591503                   5.843990478382218E-9
1591503.2                 5.851534712316987E-9
1591503.4                 5.859098450946489E-9
1591503.6                 5.866681770015715E-9
1591503.8                 5.874284745635767E-9
1591504                   5.881907454339373E-9
1591504.2                 5.889549973048156E-9
1591504.4                 5.897212379084053E-9
1591504.6                 5.904894750180866E-9
1591504.8                 5.9125971644510955E-9
1591505                   5.920319700442255E-9
1591505.2                 5.9280624371037805E-9
1591505.4                 5.9358254537986565E-9
1591505.6                 5.9436088303152E-9
1591505.8                 5.951412646833532E-9
1591506                   5.959236983982686E-9
1591506.2                 5.967081922807168E-9
1591506.4                 5.974947544778805E-9
1591506.6                 5.9828339318087645E-9
1591506.8                 5.990741166213633E-9
1591507                   5.998669330773387E-9
1591507.2                 6.00661850869756E-9
1591507.4                 6.014588783637325E-9
1591507.6                 6.022580239697778E-9
1591507.8                 6.030592961403601E-9
1591508                   6.03862703375791E-9
1591508.2                 6.046682542208041E-9
1591508.4                 6.054759572657905E-9
1591508.6                 6.0628582114804295E-9
1591508.8                 6.070978545482956E-9
1591509                   6.079120661966858E-9
1591509.2                 6.087284648693033E-9
1591509.4                 6.0954705938944215E-9
1591509.6                 6.1036785862887895E-9
1591509.8                 6.111908715043683E-9
1591510                   6.120161069836951E-9
1591510.2                 6.128435740821852E-9
1591510.4                 6.1367328186398706E-9
1591510.6                 6.145052394433698E-9
1591510.8                 6.153394559811829E-9
1591511                   6.1617594069100256E-9
1591511.2                 6.170147028355987E-9
1591511.4                 6.178557517282463E-9
1591511.6                 6.1869909673405E-9
1591511.8                 6.195447472663645E-9
1591512                   6.203927127930347E-9
1591512.2                 6.212430028328227E-9
1591512.4                 6.220956269567479E-9
1591512.6                 6.229505947894396E-9
1591512.8                 6.238079160055174E-9
1591513                   6.2466760033592505E-9
1591513.2                 6.255296575643239E-9
1591513.4                 6.263940975284549E-9
1591513.6                 6.272609301215246E-9
1591513.8                 6.281301652885426E-9
1591514                   6.2900181303275725E-9
1591514.2                 6.2987588341200545E-9
1591514.4                 6.307523865401059E-9
1591514.6                 6.31631332588277E-9
1591514.8                 6.325127317814309E-9
1591515                   6.333965944047106E-9
1591515.2                 6.342829307998012E-9
1591515.4                 6.351717513663526E-9
1591515.6                 6.36063066563428E-9
1591515.8                 6.369568869057577E-9
1591516                   6.378532229703816E-9
1591516.2                 6.387520853929154E-9
1591516.4                 6.396534848690093E-9
1591516.6                 6.405574321558268E-9
1591516.8                 6.4146393806825715E-9
1591517                   6.423730134856641E-9
1591517.2                 6.4328466934811264E-9
1591517.4                 6.441989166578589E-9
1591517.6                 6.451157664808625E-9
1591517.8                 6.46035229942959E-9
1591518                   6.469573182367152E-9
1591518.2                 6.478820426176164E-9
1591518.4                 6.488094144055903E-9
1591518.6                 6.497394449865529E-9
1591518.8                 6.506721458085408E-9
1591519                   6.5160752838867684E-9
1591519.2                 6.525456043093158E-9
1591519.4                 6.5348638521960536E-9
1591519.6                 6.5442988283706546E-9
1591519.8                 6.553761089436809E-9
1591520                   6.563250753929803E-9
1591520.2                 6.572767941061405E-9
1591520.4                 6.5823127707358325E-9
1591520.6                 6.591885363565948E-9
1591520.8                 6.6014858408337205E-9
1591521                   6.6111143245622156E-9
1591521.2                 6.6207709374762274E-9
1591521.4                 6.630455803018617E-9
1591521.6                 6.640169045366889E-9
1591521.8                 6.649910789393229E-9
1591522                   6.65968116073773E-9
1591522.2                 6.669480285768557E-9
1591522.4                 6.6793082915987166E-9
1591522.6                 6.6891653061030164E-9
1591522.8                 6.699051457877706E-9
1591523                   6.708966876314893E-9
1591523.2                 6.71891169156234E-9
1591523.4                 6.7288860345405985E-9
1591523.6                 6.7388900369604395E-9
1591523.8                 6.7489238312819966E-9
1591524                   6.758987550790528E-9
1591524.2                 6.769081329555741E-9
1591524.4                 6.77920530244938E-9
1591524.6                 6.789359605163082E-9
1591524.8                 6.799544374167085E-9
1591525                   6.809759746787317E-9
1591525.2                 6.820005861164284E-9
1591525.4                 6.830282856271091E-9
1591525.6                 6.840590871931789E-9
1591525.8                 6.850930048779617E-9
1591526                   6.86130052833545E-9
1591526.2                 6.8717024529662644E-9
1591526.4                 6.882135965903641E-9
1591526.6                 6.892601211262524E-9
1591526.8                 6.90309833399912E-9
1591527                   6.913627479990655E-9
1591527.2                 6.924188795993452E-9
1591527.4                 6.934782429661904E-9
1591527.6                 6.9454085295677636E-9
1591527.8                 6.95606724515753E-9
1591528                   6.9667587268337205E-9
1591528.2                 6.977483125912468E-9
1591528.4                 6.9882405946430196E-9
1591528.6                 6.999031286227529E-9
1591528.8                 7.009855354778033E-9
1591529                   7.0207129553991575E-9
1591529.2                 7.031604244145324E-9
1591529.4                 7.042529378040753E-9
1591529.6                 7.053488515099813E-9
1591529.8                 7.064481814283531E-9
1591530                   7.075509435583856E-9
1591530.2                 7.086571539980414E-9
1591530.4                 7.0976682894610716E-9
1591530.6                 7.10879984704283E-9
1591530.8                 7.1199663767279256E-9
1591531                   7.131168043589642E-9
1591531.2                 7.142405013728646E-9
1591531.4                 7.153677454294115E-9
1591531.6                 7.164985533505268E-9
1591531.8                 7.1763294206069335E-9
1591532                   7.187709285957081E-9
1591532.2                 7.199125300982673E-9
1591532.4                 7.21057763820142E-9
1591532.6                 7.222066471243886E-9
1591532.8                 7.233591974808692E-9
1591533                   7.245154324751654E-9
1591533.2                 7.256753698041235E-9
1591533.4                 7.268390272780937E-9
1591533.6                 7.2800642282320386E-9
1591533.8                 7.291775744768383E-9
1591534                   7.303525003967201E-9
1591534.2                 7.3153121885641916E-9
1591534.4                 7.327137482476559E-9
1591534.6                 7.33900107082639E-9
1591534.8                 7.350903139895065E-9
1591535                   7.3628438772158256E-9
1591535.2                 7.374823471528449E-9
1591535.4                 7.386842112802986E-9
1591535.6                 7.398899992263831E-9
1591535.8                 7.410997302343698E-9
1591536                   7.423134236778071E-9
1591536.2                 7.435310990559434E-9
1591536.4                 7.447527759961707E-9
1591536.6                 7.45978474256514E-9
1591536.8                 7.472082137209779E-9
1591537                   7.484420144091866E-9
1591537.2                 7.496798964717653E-9
1591537.4                 7.509218801928634E-9
1591537.6                 7.521679859927128E-9
1591537.8                 7.53418234422942E-9
1591538                   7.546726461764081E-9
1591538.2                 7.559312420825407E-9
1591538.4                 7.571940431099434E-9
1591538.6                 7.584610703690337E-9
1591538.8                 7.597323451073174E-9
1591539                   7.610078887194229E-9
1591539.2                 7.62287722742408E-9
1591539.4                 7.635718688584447E-9
1591539.6                 7.64860348897542E-9
1591539.8                 7.661531848327831E-9
1591540                   7.67450398790572E-9
1591540.2                 7.68752013045899E-9
1591540.4                 7.70058050025115E-9
1591540.6                 7.713685323087472E-9
1591540.8                 7.726834826266898E-9
1591541                   7.740029238686765E-9
1591541.2                 7.753268790795066E-9
1591541.4                 7.76655371461912E-9
1591541.6                 7.77988424379466E-9
1591541.8                 7.793260613517396E-9
1591542                   7.806683060649978E-9
1591542.2                 7.820151823673914E-9
1591542.4                 7.8336671427192E-9
1591542.6                 7.847229259594433E-9
1591542.8                 7.86083841773799E-9
1591543                   7.874494862327302E-9
1591543.2                 7.88819884023052E-9
1591543.4                 7.901950600037135E-9
1591543.6                 7.915750392089072E-9
1591543.8                 7.929598468431601E-9
1591544                   7.943495082925054E-9
1591544.2                 7.957440491196101E-9
1591544.4                 7.97143495066951E-9
1591544.6                 7.985478720600323E-9
1591544.8                 7.999572062024427E-9
1591545                   8.013715237872802E-9
1591545.2                 8.027908512922548E-9
1591545.4                 8.042152153829709E-9
1591545.6                 8.056446429162656E-9
1591545.8                 8.070791609352327E-9
1591546                   8.085187966809134E-9
1591546.2                 8.099635775873666E-9
1591546.4                 8.114135312850784E-9
1591546.6                 8.128686856044147E-9
1591546.8                 8.143290685706204E-9
1591547                   8.157947084157848E-9
1591547.2                 8.17265633573888E-9
1591547.4                 8.187418726843303E-9
1591547.6                 8.2022345459552E-9
1591547.8                 8.217104083598448E-9
1591548                   8.232027632459218E-9
1591548.2                 8.247005487336218E-9
1591548.4                 8.262037945177336E-9
1591548.6                 8.27712530511681E-9
1591548.8                 8.292267868424842E-9
1591549                   8.307465938632919E-9
1591549.2                 8.322719821483988E-9
1591549.4                 8.338029824970422E-9
1591549.6                 8.353396259372704E-9
1591549.8                 8.368819437208742E-9
1591550                   8.384299673362396E-9
1591550.2                 8.399837285033396E-9
1591550.4                 8.415432591776893E-9
1591550.6                 8.431085915543566E-9
1591550.8                 8.446797580628864E-9
1591551                   8.462567913804689E-9
1591551.2                 8.478397244269266E-9
1591551.4                 8.494285903688193E-9
1591551.6                 8.510234226236232E-9
1591551.8                 8.526242548546338E-9
1591552                   8.54231120984484E-9
1591552.2                 8.558440551901104E-9
1591552.4                 8.574630919070337E-9
1591552.6                 8.59088265833703E-9
1591552.8                 8.607196119263991E-9
1591553                   8.623571654130925E-9
1591553.2                 8.64000961788417E-9
1591553.4                 8.656510368181224E-9
1591553.6                 8.673074265435998E-9
1591553.8                 8.689701672767856E-9
1591554                   8.706392956143807E-9
1591554.2                 8.72314848432835E-9
1591554.4                 8.73996862892978E-9
1591554.6                 8.756853764447451E-9
1591554.8                 8.7738042682208E-9
1591555                   8.790820520575378E-9
1591555.2                 8.807902904772773E-9
1591555.4                 8.82505180705899E-9
1591555.6                 8.84226761671362E-9
1591555.8                 8.859550725999035E-9
1591556                   8.876901530310468E-9
1591556.2                 8.894320428126007E-9
1591556.4                 8.911807821057155E-9
1591556.6                 8.929364113900115E-9
1591556.8                 8.946989714585223E-9
1591557                   8.964685034331122E-9
1591557.2                 8.982450487595105E-9
1591557.4                 9.000286492125836E-9
1591557.6                 9.018193469016991E-9
1591557.8                 9.036171842656888E-9
1591558                   9.054222040887108E-9
1591558.2                 9.072344494953129E-9
1591558.4                 9.090539639559439E-9
1591558.6                 9.108807912925624E-9
1591558.8                 9.127149756736349E-9
1591559                   9.145565616304584E-9
1591559.2                 9.164055940522627E-9
1591559.4                 9.182621181919804E-9
1591559.6                 9.201261796721106E-9
1591559.8                 9.219978244797684E-9
1591560                   9.238770989834816E-9
1591560.2                 9.257640499283523E-9
1591560.4                 9.276587244420957E-9
1591560.6                 9.295611700411782E-9
1591560.8                 9.314714346259258E-9
1591561                   9.333895664978292E-9
1591561.2                 9.353156143547628E-9
1591561.4                 9.372496272973153E-9
1591561.6                 9.39191654835229E-9
1591561.8                 9.411417468825668E-9
1591562                   9.430999537755537E-9
1591562.2                 9.450663262678757E-9
1591562.4                 9.470409155373139E-9
1591562.6                 9.490237731925007E-9
1591562.8                 9.510149512681693E-9
1591563                   9.530145022435547E-9
1591563.2                 9.550224790377815E-9
1591563.4                 9.570389350168298E-9
1591563.6                 9.590639240006276E-9
1591563.8                 9.610975002583958E-9
1591564                   9.631397185276411E-9
1591564.2                 9.651906340096451E-9
1591564.4                 9.672503023767887E-9
1591564.6                 9.693187797800009E-9
1591564.8                 9.713961228442194E-9
1591565                   9.734823886879997E-9
1591565.2                 9.755776349191335E-9
1591565.4                 9.776819196423477E-9
1591565.6                 9.797953014671383E-9
1591565.8                 9.819178395033627E-9
1591566                   9.840495933815079E-9
1591566.2                 9.861906232484424E-9
1591566.4                 9.88340989775527E-9
1591566.6                 9.905007541668634E-9
1591566.8                 9.926699781550294E-9
1591567                   9.948487240220478E-9
1591567.2                 9.97037054595295E-9
1591567.4                 9.992350332560517E-9
1591567.6                 1.0014427239481908E-8
1591567.8                 1.0036601911740854E-8
1591568                   1.0058875000163137E-8
1591568.2                 1.0081247161337501E-8
1591568.4                 1.0103719057705826E-8
1591568.6                 1.01262913576548E-8
1591568.8                 1.0148964735476937E-8
1591569                   1.01717398715954E-8
1591569.2                 1.0194617452527011E-8
1591569.4                 1.0217598170977422E-8
1591569.6                 1.0240682725938002E-8
1591569.8                 1.0263871822648955E-8
1591570                   1.0287166172832467E-8
1591570.2                 1.0310566494658074E-8
1591570.4                 1.0334073512843233E-8
1591570.6                 1.0357687958755698E-8
1591570.8                 1.0381410570379247E-8
1591571                   1.0405242092555463E-8
1591571.2                 1.0429183276951855E-8
1591571.4                 1.0453234882168246E-8
1591571.6                 1.0477397673845073E-8
1591571.8                 1.050167242463199E-8
1591572                   1.0526059914438916E-8
1591572.2                 1.0550560930407184E-8
1591572.4                 1.057517626702224E-8
1591572.6                 1.0599906726228346E-8
1591572.8                 1.0624753117400346E-8
1591573                   1.0649716257604682E-8
1591573.2                 1.0674796971573865E-8
1591573.4                 1.069999609182604E-8
1591573.6                 1.0725314458786548E-8
1591573.8                 1.0750752920763352E-8
1591574                   1.0776312334218528E-8
1591574.2                 1.0801993563746637E-8
1591574.4                 1.0827797482201559E-8
1591574.6                 1.08537249708256E-8
1591574.8                 1.0879776919228897E-8
1591575                   1.0905954225672222E-8
1591575.2                 1.0932257797049605E-8
1591575.4                 1.0958688549023113E-8
1591575.6                 1.0985247406160073E-8
1591575.8                 1.1011935301916993E-8
1591576                   1.1038753178934419E-8
1591576.2                 1.1065701989024323E-8
1591576.4                 1.1092782693313486E-8
1591576.6                 1.1119996262389542E-8
1591576.8                 1.1147343676289959E-8
1591577                   1.1174825924809712E-8
1591577.2                 1.12024440074941E-8
1591577.4                 1.12301989337915E-8
1591577.6                 1.1258091723208819E-8
1591577.8                 1.1286123405306222E-8
1591578                   1.1314295020018625E-8
1591578.2                 1.1342607617654488E-8
1591578.4                 1.1371062259058662E-8
1591578.6                 1.1399660015778249E-8
1591578.8                 1.1428401970063676E-8
1591579                   1.145728921520494E-8
1591579.2                 1.1486322855537154E-8
1591579.4                 1.151550400661442E-8
1591579.6                 1.15448337953869E-8
1591579.8                 1.157431336020903E-8
1591580                   1.1603943851191635E-8
1591580.2                 1.1633726430215014E-8
1591580.4                 1.1663662271114783E-8
1591580.6                 1.1693752559871196E-8
1591580.8                 1.1723998494625277E-8
1591581                   1.175440128604812E-8
1591581.2                 1.1784962157362271E-8
1591581.4                 1.1815682344540688E-8
1591581.6                 1.184656309650938E-8
1591581.8                 1.1877605675172507E-8
1591582                   1.1908811355799947E-8
1591582.2                 1.194018142705824E-8
1591582.4                 1.1971717191223727E-8
1591582.6                 1.2003419964399629E-8
1591582.8                 1.2035291076551329E-8
1591583                   1.2067331871913638E-8
1591583.2                 1.209954370903228E-8
1591583.4                 1.2131927960992598E-8
1591583.6                 1.2164486015652568E-8
1591583.8                 1.2197219275689199E-8
1591584                   1.2230129159027217E-8
1591584.2                 1.226321709889236E-8
1591584.4                 1.229648454405705E-8
1591584.6                 1.2329932959090896E-8
1591584.8                 1.2363563824419441E-8
1591585                   1.2397378636776154E-8
1591585.2                 1.2431378909268784E-8
1591585.4                 1.2465566171643815E-8
1591585.6                 1.2499941970555867E-8
1591585.8                 1.2534507869640493E-8
1591586                   1.2569265449991292E-8
1591586.2                 1.260421631024103E-8
1591586.4                 1.2639362066846438E-8
1591586.6                 1.267470435437861E-8
1591586.8                 1.2710244825611409E-8
1591587                   1.2745985152025871E-8
1591587.2                 1.2781927023907774E-8
1591587.4                 1.2818072150654953E-8
1591587.6                 1.285442226109058E-8
1591587.8                 1.2890979103569183E-8
1591588                   1.2927744446510678E-8
1591588.2                 1.2964720078516338E-8
1591588.4                 1.3001907808700904E-8
1591588.6                 1.3039309467031095E-8
1591588.8                 1.3076926904451218E-8
1591589                   1.31147619934496E-8
1591589.2                 1.3152816628195167E-8
1591589.4                 1.3191092724896769E-8
1591589.6                 1.3229592222169604E-8
1591589.8                 1.3268317081182773E-8
1591590                   1.3307269286261014E-8
1591590.2                 1.3346450845044415E-8
1591590.4                 1.3385863788877845E-8
1591590.6                 1.3425510173208086E-8
1591590.8                 1.346539207775597E-8
1591591                   1.3505511607156896E-8
1591591.2                 1.3545870891146326E-8
1591591.4                 1.358647208498258E-8
1591591.6                 1.3627317369877787E-8
1591591.8                 1.3668408953197891E-8
1591592                   1.37097490691453E-8
1591592.2                 1.3751339978973664E-8
1591592.4                 1.3793183971447268E-8
1591592.6                 1.3835283363309892E-8
1591592.8                 1.3877640499515586E-8
1591593                   1.3920257753958013E-8
1591593.2                 1.3963137529717822E-8
1591593.4                 1.4006282259562926E-8
1591593.6                 1.4049694406458959E-8
1591593.8                 1.4093376463835194E-8
1591594                   1.4137330956364854E-8
1591594.2                 1.4181560440249301E-8
1591594.4                 1.4226067503763711E-8
1591594.6                 1.4270854767813803E-8
1591594.8                 1.431592488624117E-8
1591595                   1.4361280546659877E-8
1591595.2                 1.4406924470782176E-8
1591595.4                 1.4452859415014435E-8
1591595.6                 1.449908817106571E-8
1591595.8                 1.4545613566297142E-8
1591596                   1.4592438464621111E-8
1591596.2                 1.4639565766873297E-8
1591596.4                 1.4686998411465116E-8
1591596.6                 1.4734739375049674E-8
1591596.8                 1.4782791672921299E-8
1591597                   1.4831158359983439E-8
1591597.2                 1.4879842531173613E-8
1591597.4                 1.4928847322178443E-8
1591597.6                 1.497817591016404E-8
1591597.8                 1.5027831514231998E-8
1591598                   1.5077817396463696E-8
1591598.2                 1.5128136862404853E-8
1591598.4                 1.5178793261850766E-8
1591598.6                 1.5229789989648702E-8
1591598.8                 1.528113048621778E-8
1591599                   1.5332818238678384E-8
1591599.2                 1.5384856781403824E-8
1591599.4                 1.543724969688465E-8
1591599.6                 1.549000061661159E-8
1591599.8                 1.5543113221667955E-8
1591600                   1.5596591243953618E-8
1591600.2                 1.5650438466813233E-8
1591600.4                 1.57046587259888E-8
1591600.6                 1.575925591059369E-8
1591600.8                 1.5814233963786784E-8
1591601                   1.5869596884102642E-8
1591601.2                 1.5925348726166127E-8
1591601.4                 1.598149360174476E-8
1591601.6                 1.6038035680824862E-8
1591601.8                 1.609497919237916E-8
1591602                   1.6152328425815314E-8
1591602.2                 1.6210087731789137E-8
1591602.4                 1.626826152336943E-8
1591602.6                 1.6326854277229408E-8
1591602.8                 1.6385870534520678E-8
1591603                   1.6445314902454657E-8
1591603.2                 1.65051920552281E-8
1591603.4                 1.6565506735315147E-8
1591603.6                 1.662626375478911E-8
1591603.8                 1.6687467996317795E-8
1591604                   1.6749124414894595E-8
1591604.2                 1.681123803889198E-8
1591604.4                 1.6873813971497827E-8
1591604.6                 1.6936857392185134E-8
1591604.8                 1.700037355784584E-8
1591605                   1.706436780469084E-8
1591605.2                 1.7128845549449915E-8
1591605.4                 1.7193812290971796E-8
1591605.6                 1.725927361186232E-8
1591605.8                 1.7325235179776414E-8
1591606                   1.739170274950961E-8
1591606.2                 1.7458682164365634E-8
1591606.4                 1.7526179357943016E-8
1591606.6                 1.7594200355964878E-8
1591606.8                 1.766275127775302E-8
1591607                   1.7731838338536154E-8
1591607.2                 1.780146785101027E-8
1591607.4                 1.7871646227338183E-8
1591607.6                 1.794237998119848E-8
1591607.8                 1.801367572946866E-8
1591608                   1.8085540194780275E-8
1591608.2                 1.815798020730101E-8
1591608.4                 1.823100270697816E-8
1591608.6                 1.8304614745838507E-8
1591608.8                 1.837882348991251E-8
1591609                   1.8453636222071324E-8
1591609.2                 1.8529060344064508E-8
1591609.4                 1.860510337904368E-8
1591609.6                 1.8681772974150684E-8
1591609.8                 1.875907690272024E-8
1591610                   1.8837023067439644E-8
1591610.2                 1.891561950268231E-8
1591610.4                 1.899487437735397E-8
1591610.6                 1.9074795997812787E-8
1591610.8                 1.9155392810394895E-8
1591611                   1.9236673404944628E-8
1591611.2                 1.9318646517491036E-8
1591611.4                 1.9401321033466565E-8
1591611.6                 1.9484705991011052E-8
1591611.8                 1.9568810583872086E-8
1591612                   1.9653644165362266E-8
1591612.2                 1.9739216251434565E-8
1591612.4                 1.98255365243327E-8
1591612.6                 1.9912614836339848E-8
1591612.8                 2.0000461213115907E-8
1591613                   2.0089085858148398E-8
1591613.2                 2.0178499156293164E-8
1591613.4                 2.0268711677926196E-8
1591613.6                 2.0359734183209954E-8
1591613.8                 2.0451577625940795E-8
1591614                   2.054425315857291E-8
1591614.2                 2.0637772136303377E-8
1591614.4                 2.073214612180887E-8
1591614.6                 2.082738689011571E-8
1591614.8                 2.0923506433045757E-8
1591615                   2.1020516964907523E-8
1591615.2                 2.111843092722007E-8
1591615.4                 2.121726099413428E-8
1591615.6                 2.131702007801022E-8
1591615.8                 2.1417721334566448E-8
1591616                   2.1519378169351523E-8
1591616.2                 2.1622004243220073E-8
1591616.4                 2.1725613478558393E-8
1591616.6                 2.1830220065692902E-8
1591616.8                 2.193583846887012E-8
1591617                   2.20424834336439E-8
1591617.2                 2.2150169993240658E-8
1591617.4                 2.225891347573329E-8
1591617.6                 2.2368729511430605E-8
1591617.8                 2.2479634039841177E-8
1591618                   2.259164331813991E-8
1591618.2                 2.2704773928588328E-8
1591618.4                 2.2819042786831273E-8
1591618.6                 2.293446715044838E-8
1591618.8                 2.3051064627088358E-8
1591619                   2.316885318421326E-8
1591619.2                 2.3287851157775396E-8
1591619.4                 2.340807726184877E-8
1591619.6                 2.3529550598563795E-8
1591619.8                 2.3652290667639057E-8
1591620                   2.377631737764487E-8
1591620.2                 2.3901651056183367E-8
1591620.4                 2.4028312461114233E-8
1591620.6                 2.4156322792142544E-8
1591620.8                 2.4285703702026404E-8
1591621                   2.441647730965631E-8
1591621.2                 2.4548666212041155E-8
1591621.4                 2.4682293497446224E-8
1591621.6                 2.481738275896722E-8
1591621.8                 2.4953958107756646E-8
1591622                   2.5092044188283683E-8
1591622.2                 2.523166619249971E-8
1591622.4                 2.5372849875283038E-8
1591622.6                 2.5515621570408722E-8
1591622.8                 2.5660008206220225E-8
1591623                   2.580603732352064E-8
1591623.2                 2.5953737092382622E-8
1591623.4                 2.6103136330388234E-8
1591623.6                 2.6254264521506426E-8
1591623.8                 2.6407151834739367E-8
1591624                   2.656182914520812E-8
1591624.2                 2.671832805418708E-8
1591624.4                 2.6876680910750015E-8
1591624.6                 2.7036920834194773E-8
1591624.8                 2.719908173632947E-8
1591625                   2.736319834645753E-8
1591625.2                 2.752930623536648E-8
1591625.4                 2.7697441841148776E-8
1591625.6                 2.7867642495979282E-8
1591625.8                 2.8039946452880913E-8
1591626                   2.8214392915499067E-8
1591626.2                 2.8391022066967662E-8
1591626.4                 2.856987510087905E-8
1591626.6                 2.8750994253435588E-8
1591626.8                 2.893442283576132E-8
1591627                   2.912020526959754E-8
1591627.2                 2.9308387122222875E-8
1591627.4                 2.949901514381367E-8
1591627.6                 2.9692137306275447E-8
1591627.8                 2.9887802842466195E-8
1591628                   3.008606228926185E-8
1591628.2                 3.028696753004112E-8
1591628.4                 3.049057184003348E-8
1591628.6                 3.069692993351031E-8
1591628.8                 3.09060980116818E-8
1591629                   3.111813381500252E-8
1591629.2                 3.133309667517743E-8
1591629.4                 3.155104757056527E-8
1591629.6                 3.177204918391085E-8
1591629.8                 3.199616596120765E-8
1591630                   3.222346417567856E-8
1591630.2                 3.245401199185536E-8
1591630.4                 3.268787953374186E-8
1591630.6                 3.2925138955943626E-8
1591630.8                 3.316586451650365E-8
1591631                   3.3410132655757034E-8
1591631.2                 3.365802207584726E-8
1591631.4                 3.390961382521581E-8
1591631.6                 3.4164991386903556E-8
1591631.8                 3.4424240769345793E-8
1591632                   3.468745060434281E-8
1591632.2                 3.4954712246485964E-8
1591632.4                 3.5226119878726196E-8
1591632.6                 3.550177062288694E-8
1591632.8                 3.5781764653751205E-8
1591633                   3.6066205321835035E-8
1591633.2                 3.635519927873479E-8
1591633.4                 3.664885661017349E-8
1591633.6                 3.6947290975526025E-8
1591633.8                 3.72506197524146E-8
1591634                   3.7558964191990944E-8
1591634.2                 3.7872449578375746E-8
1591634.4                 3.8191205397897794E-8
1591634.6                 3.851536551691672E-8
1591634.8                 3.8845068366804676E-8
1591635                   3.9180457142306446E-8
1591635.2                 3.952168000631165E-8
1591635.4                 3.986889030730427E-8
1591635.6                 4.022224680831716E-8
1591635.8                 4.058191392599589E-8
1591636                   4.0948061986720956E-8
1591636.2                 4.1320867492380494E-8
1591636.4                 4.170051340282197E-8
1591636.6                 4.208718943392399E-8
1591636.8                 4.248109236999134E-8
1591637                   4.288242639833021E-8
1591637.2                 4.329140345817152E-8
1591637.4                 4.370824361193038E-8
1591637.6                 4.413317543797086E-8
1591637.8                 4.4566436443794816E-8
1591638                   4.5008273508671885E-8
1591638.2                 4.54589433475155E-8
1591638.4                 4.591871300523542E-8
1591638.6                 4.638786038115125E-8
1591638.8                 4.686667478280087E-8
1591639                   4.735545751968319E-8
1591639.2                 4.7854522528526305E-8
1591639.4                 4.836419704096789E-8
1591639.6                 4.8884822293962454E-8
1591639.8                 4.941675428300102E-8
1591640                   4.996036457075331E-8
1591640.2                 5.051604114280506E-8
1591640.4                 5.108418932367585E-8
1591640.6                 5.166523275469011E-8
1591640.8                 5.225961443511645E-8
1591641                   5.286779784211376E-8
1591641.2                 5.349026812180684E-8
1591641.4                 5.41275333679979E-8
1591641.6                 5.478012599225739E-8
1591641.8                 5.544860418914569E-8
1591642                   5.613355351642359E-8
1591642.2                 5.6835588584306774E-8
1591642.4                 5.755535487527596E-8
1591642.6                 5.8293530701978523E-8
1591642.8                 5.905082931109685E-8
1591643                   5.982800115971988E-8
1591643.2                 6.062583636204718E-8
1591643.4                 6.14451673358596E-8
1591643.6                 6.228687166301323E-8
1591643.8                 6.315187517924151E-8
1591644                   6.404115533063777E-8
1591644.2                 6.49557448023496E-8
1591644.4                 6.58967354620751E-8
1591644.6                 6.686528264484335E-8
1591644.8                 6.786260980799239E-8
1591645                   6.88900136122074E-8
1591645.2                 6.99488694495832E-8
1591645.4                 7.104063748431675E-8
1591645.6                 7.216686925543515E-8
1591645.8                 7.332921489632065E-8
1591646                   7.452943106019647E-8
1591646.2                 7.576938960367107E-8
1591646.4                 7.705108713643475E-8
1591646.6                 7.837665553115933E-8
1591646.8                 7.974837349929512E-8
1591647                   8.116867938536238E-8
1591647.2                 8.26401852961951E-8
1591647.4                 8.416569275627244E-8
1591647.6                 8.574821007414414E-8
1591647.8                 8.739097163066555E-8
1591648                   8.909745936997718E-8
1591648.2                 9.087142674782328E-8
1591648.4                 9.271692550094492E-8
1591648.6                 9.463833561786427E-8
1591648.8                 9.664039895026539E-8
1591649                   9.872825702296799E-8
1591649.2                 1.0090749360874167E-7
1591649.4                 1.031841828151843E-7
1591649.6                 1.0556494350977749E-7
1591649.8                 1.0805700105132378E-7
1591650                   1.106682575278635E-7
1591650.2                 1.1340737181450684E-7
1591650.4                 1.1628385111505581E-7
1591650.6                 1.1930815590401185E-7
1591650.8                 1.2249182055148326E-7
1591651                   1.2584759243777578E-7
1591651.2                 1.293895927926354E-7
1591651.4                 1.331335032918982E-7
1591651.6                 1.3709678320437873E-7
1591651.8                 1.4129892289237595E-7
1591652                   1.457617408210079E-7
1591652.2                 1.5050973262365625E-7
1591652.4                 1.555704828553569E-7
1591652.6                 1.6097515236068375E-7
1591652.8                 1.6675905712235233E-7
1591653                   1.7296235823840064E-7
1591653.2                 1.79630886954289E-7
1591653.4                 1.8681713439913871E-7
1591653.6                 1.9458144220570717E-7
1591653.8                 2.029934380464863E-7
1591654                   2.121337693063565E-7
1591654.2                 2.2209619744171893E-7
1591654.4                 2.3299012490821742E-7
1591654.6                 2.4494363190595437E-7
1591654.8                 2.581070962946006E-7
1591655                   2.7265744526372546E-7
1591655.2                 2.888030175919592E-7
1591655.4                 3.067888581502962E-7
1591655.6                 3.269019361234212E-7
1591655.8                 3.494751191530185E-7
1591656                   3.748874595952709E-7
1591656.2                 4.0355594492544003E-7
1591656.4                 4.3590949573545013E-7
1591656.6                 4.723284829340588E-7
1591656.8                 5.130214325286966E-7
1591657                   5.577967130590378E-7
1591657.2                 6.056831246430019E-7
1591657.4                 6.543980634831032E-7
1591657.6                 6.998309630615025E-7
1591657.8                 7.360442055007418E-7
1591658                   7.565244548779606E-7
1591658.2                 7.567848129242465E-7
1591658.4                 7.367642168993222E-7
1591658.6                 7.00863159043866E-7
1591658.8                 6.555800894100573E-7
1591659                   6.06888348086766E-7
1591659.2                 5.589472868640798E-7
1591659.4                 5.1407920633238E-7
1591659.6                 4.732807922467877E-7
1591659.8                 4.3675765849456515E-7
1591660                   4.043078738855922E-7
1591660.2                 3.7555348918298077E-7
1591660.4                 3.500658633486883E-7
1591660.6                 3.274272999204751E-7
1591660.8                 3.0725766003507574E-7
1591661                   2.89222915648678E-7
1591661.2                 2.73035002751452E-7
1591661.4                 2.584479016445003E-7
1591661.6                 2.452524316708087E-7
1591661.8                 2.3327095065327946E-7
1591662                   2.2235247873646925E-7
1591662.2                 2.1236843109776273E-7
1591662.4                 2.0320898276660899E-7
1591662.6                 1.947800183129685E-7
1591662.8                 1.8700059331317969E-7
1591663                   1.7980083010944253E-7
1591663.2                 1.7312017611476408E-7
1591663.4                 1.6690596154598266E-7
1591663.6                 1.611122033216453E-7
1591663.8                 1.556986108624133E-7
1591664                   1.5062975730717595E-7
1591664.2                 1.458743865736787E-7
1591664.4                 1.4140483198617485E-7
1591664.6                 1.3719652685391065E-7
1591664.8                 1.332275910407018E-7
1591665                   1.2947848044014668E-7
1591665.2                 1.2593168883804783E-7
1591665.4                 1.2257149340571555E-7
1591665.6                 1.1938373673055006E-7
1591665.8                 1.1635563954460772E-7
1591666                   1.1347563926445917E-7
1591666.2                 1.1073325041758897E-7
1591666.4                 1.0811894357883166E-7
1591666.6                 1.0562404007073605E-7
1591666.8                 1.0324062012979657E-7
1591667                   1.0096144255763271E-7
1591667.2                 9.87798742856486E-8
1591667.4                 9.668982843473654E-8
1591667.6                 9.468570972245855E-8
1591667.8                 9.276236624168395E-8
1591668                   9.091504673612269E-8
1591668.2                 8.913936270269695E-8
1591668.4                 8.743125467223902E-8
1591668.6                 8.57869621546187E-8
1591668.8                 8.42029968046024E-8
1591669                   8.267611838955267E-8
1591669.2                 8.120331325975584E-8
1591669.4                 7.978177500004632E-8
1591669.6                 7.840888701876992E-8
1591669.8                 7.708220686047403E-8
1591670                   7.579945202557353E-8
1591670.2                 7.455848716026195E-8
1591670.4                 7.335731244477817E-8
1591670.6                 7.219405305865503E-8
1591670.8                 7.106694961523535E-8
1591671                   6.997434944468118E-8
1591671.2                 6.891469866374812E-8
1591671.4                 6.7886534933358E-8
1591671.6                 6.688848084143181E-8
1591671.8                 6.591923785473073E-8
1591672                   6.49775807674343E-8
1591672.2                 6.406235262077429E-8
1591672.4                 6.317246003257467E-8
1591672.6                 6.230686890377431E-8
1591672.8                 6.146460047186267E-8
1591673                   6.064472766494319E-8
1591673.2                 5.984637174853535E-8
1591673.4                 5.906869922474292E-8
1591673.6                 5.831091896635095E-8
1591673.8                 5.757227956965576E-8
1591674                   5.685206689443197E-8
1591674.2                 5.614960179203467E-8
1591674.4                 5.546423799330092E-8
1591674.6                 5.479536014718983E-8
1591674.8                 5.414238200154974E-8
1591675                   5.3504744703167974E-8
1591675.2                 5.2881915222484764E-8
1591675.4                 5.227338488197991E-8
1591675.6                 5.167866798381701E-8
1591675.8                 5.109730053238685E-8
1591676                   5.052883903438623E-8
1591676.2                 4.9972859383863624E-8
1591676.4                 4.9428955815946224E-8
1591676.6                 4.889673992745418E-8
1591676.8                 4.837583976247726E-8
1591677                   4.7865898949146766E-8
1591677.2                 4.7366575895854176E-8
1591677.4                 4.687754303379276E-8
1591677.6                 4.63984861055186E-8
1591677.8                 4.592910349901228E-8
1591678                   4.546910561594494E-8
1591678.2                 4.501821428257224E-8
1591678.4                 4.457616219234427E-8
1591678.6                 4.414269238077665E-8
1591678.8                 4.371755773288015E-8
1591679                   4.3300520513618615E-8
1591679.2                 4.2891351929649754E-8
1591679.4                 4.2489831713052625E-8
1591679.6                 4.2095747728060404E-8
1591679.8                 4.1708895601560056E-8
1591680                   4.1329078369143964E-8
1591680.2                 4.095610614462734E-8
1591680.4                 4.058979580495892E-8
1591680.6                 4.022997069179049E-8
1591680.8                 3.987646033072826E-8
1591681                   3.952910016105875E-8
1591681.2                 3.918773128344666E-8
1591681.4                 3.885220021848665E-8
1591681.6                 3.8522358677490774E-8
1591681.8                 3.81980633466674E-8
1591682                   3.7879175678283256E-8
1591682.2                 3.7565561695865475E-8
1591682.4                 3.725709180708652E-8
1591682.6                 3.695364062575428E-8
1591682.8                 3.665508680411928E-8
1591683                   3.636131286973815E-8
1591683.2                 3.60722050735116E-8
1591683.4                 3.57876532431637E-8
1591683.6                 3.5507550643580323E-8
1591683.8                 3.5231793845224715E-8
1591684                   3.496028259540929E-8
1591684.2                 3.469291969861722E-8
1591684.4                 3.442961090066686E-8
1591684.6                 3.417026477809784E-8
1591684.8                 3.39147926339821E-8
1591685                   3.3663108395390026E-8
1591685.2                 3.3415128518308685E-8
1591685.4                 3.3170771895248276E-8
1591685.6                 3.2929959766865767E-8
1591685.8                 3.269261563877568E-8
1591686                   3.245866519916407E-8
1591686.2                 3.222803624263445E-8
1591686.4                 3.2000658595902296E-8
1591686.6                 3.177646404660971E-8
1591686.8                 3.15553862763874E-8
1591687                   3.133736079411579E-8
1591687.2                 3.1122324874471564E-8
1591687.4                 3.091021749770817E-8
1591687.6                 3.0700979291881996E-8
1591687.8                 3.049455247860305E-8
1591688                   3.029088081855692E-8
1591688.2                 3.008990956156717E-8
1591688.4                 2.989158539744088E-8
1591688.6                 2.969585640874675E-8
1591688.8                 2.950267202655496E-8
1591689                   2.9311982985646616E-8
1591689.2                 2.9123741283671437E-8
1591689.4                 2.893790014075461E-8
1591689.6                 2.875441396064242E-8
1591689.8                 2.8573238294368004E-8
1591690                   2.8394329803175386E-8
1591690.2                 2.8217646224913977E-8
1591690.4                 2.8043146340635116E-8
1591690.6                 2.7870789942423707E-8
1591690.8                 2.770053780339711E-8
1591691                   2.7532351646818374E-8
1591691.2                 2.7366194118289588E-8
1591691.4                 2.7202028757964405E-8
1591691.6                 2.7039819973758924E-8
1591691.8                 2.6879533016445988E-8
1591692                   2.6721133953768112E-8
1591692.2                 2.6564589647308026E-8
1591692.4                 2.640986772924395E-8
1591692.6                 2.6256936579916552E-8
1591692.8                 2.6105765307048987E-8
1591693                   2.5956323723925028E-8
1591693.2                 2.580858233005586E-8
1591693.4                 2.566251229163283E-8
1591693.6                 2.5518085422643528E-8
1591693.8                 2.5375274167453006E-8
1591694                   2.5234051582307476E-8
1591694.2                 2.509439131910055E-8
1591694.4                 2.4956267608852498E-8
1591694.6                 2.4819655245736417E-8
1591694.8                 2.468452957241173E-8
1591695                   2.4550866464265184E-8
1591695.2                 2.4418642315721013E-8
1591695.4                 2.42878340262124E-8
1591695.6                 2.4158418986605406E-8
1591695.8                 2.4030375066799607E-8
1591696                   2.3903680602233918E-8
1591696.2                 2.377831438229584E-8
1591696.4                 2.3654255638355657E-8
1591696.6                 2.353148403217709E-8
1591696.8                 2.340997964539409E-8
1591697                   2.328972296790076E-8
1591697.2                 2.3170694888001163E-8
1591697.4                 2.3052876682159623E-8
1591697.6                 2.2936250005065123E-8
1591697.8                 2.2820796880668365E-8
1591698                   2.2706499692147234E-8
1591698.2                 2.2593341173506377E-8
1591698.4                 2.2481304400761435E-8
1591698.6                 2.2370372783387534E-8
1591698.8                 2.2260530056659327E-8
1591699                   2.2151760272940004E-8
1591699.2                 2.2044047794493813E-8
1591699.4                 2.1937377285874484E-8
1591699.6                 2.183173370653671E-8
1591699.8                 2.1727102304268905E-8
1591700                   2.162346860759946E-8
