% Model:              20150819_beam.mph
% Version:            COMSOL 5.0.0.243
% Date:               Aug 26 2015, 11:26
% Dimension:          1
% Nodes:              1001
% Expressions:        1
% Description:        Point graph
% x                       Height
1591500                   359.56739324953963
1591500.2                 359.5668453715956
1591500.4                 359.56629610408135
1591500.6                 359.56574544170326
1591500.8                 359.5651933791425
1591501                   359.56463991105136
1591501.2                 359.56408503205546
1591501.4                 359.5635287367529
1591501.6                 359.5629710197138
1591501.8                 359.56241187548204
1591502                   359.5618512985719
1591502.2                 359.5612892834701
1591502.4                 359.56072582463497
1591502.6                 359.5601609164956
1591502.8                 359.5595945534546
1591503                   359.55902672988356
1591503.2                 359.55845744012555
1591503.4                 359.5578866784948
1591503.6                 359.557314439275
1591503.8                 359.55674071672246
1591504                   359.55616550506153
1591504.2                 359.55558879848735
1591504.4                 359.55501059116483
1591504.6                 359.5544308772275
1591504.8                 359.5538496507809
1591505                   359.55326690589715
1591505.2                 359.5526826366183
1591505.4                 359.5520968369552
1591505.6                 359.5515095008866
1591505.8                 359.5509206223616
1591506                   359.55033019529554
1591506.2                 359.54973821357237
1591506.4                 359.5491446710435
1591506.6                 359.54854956152775
1591506.8                 359.5479528788129
1591507                   359.54735461665183
1591507.2                 359.5467547687652
1591507.4                 359.54615332884015
1591507.6                 359.54555029052943
1591507.8                 359.5449456474546
1591508                   359.5443393932007
1591508.2                 359.54373152131933
1591508.4                 359.54312202532765
1591508.6                 359.5425108987075
1591508.8                 359.54189813490785
1591509                   359.5412837273405
1591509.2                 359.5406676693823
1591509.4                 359.5400499543748
1591509.6                 359.5394305756228
1591509.8                 359.53880952639713
1591510                   359.5381867999302
1591510.2                 359.5375623894184
1591510.4                 359.5369362880214
1591510.6                 359.536308488861
1591510.8                 359.53567898502394
1591511                   359.53504776955697
1591511.2                 359.53441483546993
1591511.4                 359.5337801757342
1591511.6                 359.5331437832826
1591511.8                 359.53250565101104
1591512                   359.5318657717744
1591512.2                 359.5312241383894
1591512.4                 359.53058074363304
1591512.6                 359.5299355802419
1591512.8                 359.529288640915
1591513                   359.5286399183087
1591513.2                 359.52798940503965
1591513.4                 359.52733709368357
1591513.6                 359.52668297677434
1591513.8                 359.526027046807
1591514                   359.52536929623227
1591514.2                 359.52470971745987
1591514.4                 359.5240483028573
1591514.6                 359.5233850447487
1591514.8                 359.5227199354175
1591515                   359.522052967102
1591515.2                 359.52138413199765
1591515.4                 359.5207134222561
1591515.6                 359.5200408299843
1591515.8                 359.51936634724706
1591516                   359.51868996606225
1591516.2                 359.51801167840347
1591516.4                 359.5173314761991
1591516.6                 359.516649351331
1591516.8                 359.51596529563756
1591517                   359.5152793009083
1591517.2                 359.5145913588873
1591517.4                 359.51390146127136
1591517.6                 359.5132095997093
1591517.8                 359.51251576580484
1591518                   359.5118199511112
1591518.2                 359.5111221471343
1591518.4                 359.5104223453312
1591518.6                 359.5097205371094
1591518.8                 359.5090167138293
1591519                   359.5083108667992
1591519.2                 359.5076029872783
1591519.4                 359.50689306647524
1591519.6                 359.5061810955472
1591519.8                 359.5054670656026
1591520                   359.5047509676959
1591520.2                 359.5040327928304
1591520.4                 359.50331253195736
1591520.6                 359.5025901759744
1591520.8                 359.5018657157286
1591521                   359.50113914201137
1591521.2                 359.50041044556076
1591521.4                 359.49967961706096
1591521.6                 359.4989466471406
1591521.8                 359.4982115263758
1591522                   359.4974742452848
1591522.2                 359.4967347943311
1591522.4                 359.49599316392147
1591522.6                 359.4952493444055
1591522.8                 359.49450332607864
1591523                   359.49375509917576
1591523.2                 359.4930046538748
1591523.4                 359.4922519802956
1591523.6                 359.4914970684981
1591523.8                 359.490739908486
1591524                   359.48998049020037
1591524.2                 359.4892188035233
1591524.4                 359.4884548382763
1591524.6                 359.487688584219
1591524.8                 359.48692003105225
1591525                   359.4861491684123
1591525.2                 359.485375985874
1591525.4                 359.4846004729492
1591525.6                 359.48382261908574
1591525.8                 359.48304241367026
1591526                   359.48225984602243
1591526.2                 359.48147490539804
1591526.4                 359.48068758098765
1591526.6                 359.4798978619152
1591526.8                 359.479105737241
1591527                   359.478311195956
1591527.2                 359.4775142269846
1591527.4                 359.4767148191837
1591527.6                 359.4759129613408
1591527.8                 359.47510864217736
1591528                   359.4743018503427
1591528.2                 359.4734925744172
1591528.4                 359.47268080291093
1591528.6                 359.47186652426177
1591528.8                 359.47104972683917
1591529                   359.4702303989376
1591529.2                 359.4694085287798
1591529.4                 359.4685841045153
1591529.6                 359.467757114219
1591529.8                 359.4669275458943
1591530                   359.46609538746685
1591530.2                 359.46526062678754
1591530.4                 359.4644232516314
1591530.6                 359.4635832496957
1591530.8                 359.4627406086034
1591531                   359.4618953158964
1591531.2                 359.46104735903947
1591531.4                 359.4601967254178
1591531.6                 359.4593434023362
1591531.8                 359.45848737702175
1591532                   359.4576286366178
1591532.2                 359.45676716818684
1591532.4                 359.455902958709
1591532.6                 359.45503599508055
1591532.8                 359.45416626411713
1591533                   359.453293752547
1591533.2                 359.45241844701434
1591533.4                 359.45154033407795
1591533.6                 359.45065940020896
1591533.8                 359.4497756317947
1591534                   359.44888901513144
1591534.2                 359.44799953642837
1591534.4                 359.4471071818052
1591534.6                 359.4462119372909
1591534.8                 359.4453137888269
1591535                   359.44441272226004
1591535.2                 359.44350872334616
1591535.4                 359.4426017777483
1591535.6                 359.44169187103455
1591535.8                 359.4407789886824
1591536                   359.43986311607034
1591536.2                 359.4389442384824
1591536.4                 359.43802234110586
1591536.6                 359.43709740902915
1591536.8                 359.4361694272459
1591537                   359.4352383806472
1591537.2                 359.4343042540254
1591537.4                 359.43336703207194
1591537.6                 359.4324266993756
1591537.8                 359.4314832404261
1591538                   359.4305366396063
1591538.2                 359.42958688119637
1591538.4                 359.428633949371
1591538.6                 359.42767782819806
1591538.8                 359.4267185016421
1591539                   359.42575595355635
1591539.2                 359.42479016768675
1591539.4                 359.4238211276695
1591539.6                 359.4228488170294
1591539.8                 359.4218732191832
1591540                   359.42089431743193
1591540.2                 359.4199120949645
1591540.4                 359.4189265348555
1591540.6                 359.4179376200631
1591540.8                 359.41694533343303
1591541                   359.41594965769
1591541.2                 359.41495057544205
1591541.4                 359.4139480691777
1591541.6                 359.4129421212641
1591541.8                 359.41193271395093
1591542                   359.4109198293618
1591542.2                 359.4099034494981
1591542.4                 359.408883556237
1591542.6                 359.40786013132896
1591542.8                 359.40683315640115
1591543                   359.40580261294986
1591543.2                 359.40476848234346
1591543.4                 359.4037307458205
1591543.6                 359.40268938448736
1591543.8                 359.4016443793216
1591544                   359.4005957111642
1591544.2                 359.39954336072236
1591544.4                 359.3984873085679
1591544.6                 359.3974275351342
1591544.8                 359.39636402072057
1591545                   359.395296745483
1591545.2                 359.39422568943826
1591545.4                 359.39315083246123
1591545.6                 359.39207215428246
1591545.8                 359.3909896344921
1591546                   359.38990325253064
1591546.2                 359.388812987693
1591546.4                 359.3877188191258
1591546.6                 359.3866207258247
1591546.8                 359.3855186866386
1591547                   359.38441268025986
1591547.2                 359.3833026852287
1591547.4                 359.3821886799304
1591547.6                 359.38107064259214
1591547.8                 359.3799485512872
1591548                   359.37882238392604
1591548.2                 359.3776921182591
1591548.4                 359.3765577318751
1591548.6                 359.37541920219746
1591548.8                 359.3742765064884
1591549                   359.37312962183955
1591549.2                 359.37197852517545
1591549.4                 359.37082319325106
1591549.6                 359.36966360264853
1591549.8                 359.3684997297811
1591550                   359.3673315508835
1591550.2                 359.36615904201545
1591550.4                 359.3649821790593
1591550.6                 359.3638009377162
1591550.8                 359.3626152935104
1591551                   359.3614252217793
1591551.2                 359.36023069767714
1591551.4                 359.35903169617194
1591551.6                 359.3578281920421
1591551.8                 359.35662015988095
1591552                   359.3554075740856
1591552.2                 359.35419040886137
1591552.4                 359.35296863821833
1591552.6                 359.35174223596846
1591552.8                 359.35051117572857
1591553                   359.3492754309107
1591553.2                 359.34803497472564
1591553.4                 359.34678978017934
1591553.6                 359.3455398200699
1591553.8                 359.344285066991
1591554                   359.3430254933216
1591554.2                 359.3417610712293
1591554.4                 359.3404917726672
1591554.6                 359.3392175693699
1591554.8                 359.3379384328581
1591555                   359.33665433442656
1591555.2                 359.33536524514886
1591555.4                 359.334071135873
1591555.6                 359.33277197721816
1591555.8                 359.3314677395783
1591556                   359.3301583931109
1591556.2                 359.32884390774086
1591556.4                 359.32752425315635
1591556.6                 359.3261993988054
1591556.8                 359.3248693138991
1591557                   359.3235339674007
1591557.2                 359.32219332802873
1591557.4                 359.32084736425355
1591557.6                 359.3194960442925
1591557.8                 359.318139336115
1591558                   359.316777207429
1591558.2                 359.315409625686
1591558.4                 359.3140365580764
1591558.6                 359.31265797152497
1591558.8                 359.3112738326951
1591559                   359.3098841079764
1591559.2                 359.30848876348807
1591559.4                 359.30708776507487
1591559.6                 359.30568107830265
1591559.8                 359.304268668462
1591560                   359.30285050055545
1591560.2                 359.3014265393014
1591560.4                 359.29999674912955
1591560.6                 359.29856109417585
1591560.8                 359.2971195382868
1591561                   359.2956720450058
1591561.2                 359.2942185775773
1591561.4                 359.2927590989415
1591561.6                 359.29129357172997
1591561.8                 359.2898219582689
1591562                   359.2883442205658
1591562.2                 359.2868603203132
1591562.4                 359.2853702188835
1591562.6                 359.2838738773237
1591562.8                 359.28237125635906
1591563                   359.2808623163797
1591563.2                 359.27934701744334
1591563.4                 359.27782531927045
1591563.6                 359.2762971812389
1591563.8                 359.2747625623873
1591564                   359.2732214214008
1591564.2                 359.27167371661443
1591564.4                 359.2701194060078
1591564.6                 359.2685584471989
1591564.8                 359.2669907974482
1591565                   359.26541641364344
1591565.2                 359.263835252303
1591565.4                 359.2622472695702
1591565.6                 359.2606524212072
1591565.8                 359.25905066259855
1591566                   359.2574419487359
1591566.2                 359.25582623422076
1591566.4                 359.254203473259
1591566.6                 359.25257361965413
1591566.8                 359.2509366268108
1591567                   359.24929244771886
1591567.2                 359.24764103495653
1591567.4                 359.2459823406838
1591567.6                 359.24431631663595
1591567.8                 359.24264291412686
1591568                   359.240962084032
1591568.2                 359.2392737767923
1591568.4                 359.23757794240623
1591568.6                 359.2358745304241
1591568.8                 359.23416348994994
1591569                   359.2324447696251
1591569.2                 359.230718317631
1591569.4                 359.2289840816817
1591569.6                 359.2272420090168
1591569.8                 359.2254920464042
1591570                   359.2237341401225
1591570.2                 359.2219682359635
1591570.4                 359.22019427922464
1591570.6                 359.21841221470135
1591570.8                 359.2166219866896
1591571                   359.2148235389677
1591571.2                 359.21301681479855
1591571.4                 359.21120175692187
1591571.6                 359.2093783075455
1591571.8                 359.2075464083486
1591572                   359.20570600046193
1591572.2                 359.2038570244702
1591572.4                 359.2019994204042
1591572.6                 359.200133127731
1591572.8                 359.19825808535717
1591573                   359.19637423160833
1591573.2                 359.1944815042314
1591573.4                 359.1925798403857
1591573.6                 359.1906691766334
1591573.8                 359.1887494489415
1591574                   359.1868205926617
1591574.2                 359.1848825425314
1591574.4                 359.1829352326648
1591574.6                 359.1809785965425
1591574.8                 359.1790125670134
1591575                   359.1770370762735
1591575.2                 359.17505205586684
1591575.4                 359.1730574366756
1591575.6                 359.1710531489096
1591575.8                 359.1690391221075
1591576                   359.1670152851147
1591576.2                 359.164981566084
1591576.4                 359.1629378924652
1591576.6                 359.16088419099356
1591576.8                 359.1588203876911
1591577                   359.15674640784306
1591577.2                 359.1546621759986
1591577.4                 359.15256761595924
1591577.6                 359.1504626507668
1591577.8                 359.1483472027045
1591578                   359.146221193272
1591578.2                 359.1440845431859
1591578.4                 359.14193717236725
1591578.6                 359.13977899992904
1591578.8                 359.1376099441761
1591579                   359.1354299225801
1591579.2                 359.13323885177834
1591579.4                 359.13103664756136
1591579.6                 359.12882322485916
1591579.8                 359.1265984977409
1591580                   359.1243623793878
1591580.2                 359.12211478209264
1591580.4                 359.11985561724566
1591580.6                 359.11758479531994
1591580.8                 359.11530222587044
1591581                   359.1130078175062
1591581.2                 359.1107014778884
1591581.4                 359.1083831137158
1591581.6                 359.10605263070863
1591581.8                 359.1037099336079
1591582                   359.10135492614484
1591582.2                 359.09898751103975
1591582.4                 359.0966075899848
1591582.6                 359.09421506362855
1591582.8                 359.09180983157256
1591583                   359.0893917923413
1591583.2                 359.08696084337856
1591583.4                 359.08451688103025
1591583.6                 359.08205980052696
1591583.8                 359.07958949598026
1591584                   359.07710586035034
1591584.2                 359.07460878544236
1591584.4                 359.0720981618873
1591584.6                 359.0695738791234
1591584.8                 359.06703582539194
1591585                   359.0644838877023
1591585.2                 359.06191795182804
1591585.4                 359.0593379022858
1591585.6                 359.05674362231593
1591585.8                 359.0541349938764
1591586                   359.051511897607
1591586.2                 359.048874212823
1591586.4                 359.0462218174941
1591586.6                 359.0435545882218
1591586.8                 359.0408724002334
1591587                   359.0381751273434
1591587.2                 359.03546264194637
1591587.4                 359.03273481499394
1591587.6                 359.0299915159706
1591587.8                 359.02723261288617
1591588                   359.0244579722352
1591588.2                 359.0216674589884
1591588.4                 359.01886093656736
1591588.6                 359.016038266819
1591588.8                 359.01319931000637
1591589                   359.0103439247655
1591589.2                 359.00747196809533
1591589.4                 359.00458329533024
1591589.6                 359.001677760113
1591589.8                 358.99875521438275
1591590                   358.99581550833034
1591590.2                 358.99285849038597
1591590.4                 358.98988400718946
1591590.6                 358.98689190356083
1591590.8                 358.9838820224869
1591591                   358.98085420507306
1591591.2                 358.9778082905292
1591591.4                 358.9747441161376
1591591.6                 358.9716615172207
1591591.8                 358.9685603271259
1591592                   358.96544037717393
1591592.2                 358.9623014966426
1591592.4                 358.95914351273206
1591592.6                 358.95596625052957
1591592.8                 358.95276953299174
1591593                   358.94955318088995
1591593.2                 358.9463170127911
1591593.4                 358.94306084502006
1591593.6                 358.9397844916213
1591593.8                 358.93648776433844
1591594                   358.9331704725556
1591594.2                 358.9298324232757
1591594.4                 358.9264734210793
1591594.6                 358.92309326808265
1591594.8                 358.91969176391456
1591595                   358.9162687056532
1591595.2                 358.91282388780127
1591595.4                 358.9093571022414
1591595.6                 358.90586813819004
1591595.8                 358.90235678217056
1591596                   358.898822817946
1591596.2                 358.89526602649073
1591596.4                 358.891686185941
1591596.6                 358.8880830715447
1591596.8                 358.88445645563155
1591597                   358.8808061075389
1591597.2                 358.877131793581
1591597.4                 358.87343327699415
1591597.6                 358.86971031788147
1591597.8                 358.86596267317896
1591598                   358.862190096576
1591598.2                 358.85839233847935
1591598.4                 358.85456914595306
1591598.6                 358.8507202626586
1591598.8                 358.8468454288153
1591599                   358.84294438111453
1591599.2                 358.839016852679
1591599.4                 358.8350625729964
1591599.6                 358.8310812678533
1591599.8                 358.82707265929037
1591600                   358.82303646550974
1591600.2                 358.81897240082736
1591600.4                 358.81488017560144
1591600.6                 358.81075949615854
1591600.8                 358.8066100647426
1591601                   358.8024315794144
1591601.2                 358.79822373399816
1591601.4                 358.79398621800095
1591601.6                 358.78971871653215
1591601.8                 358.7854209102453
1591602                   358.78109247522843
1591602.2                 358.7767330829427
1591602.4                 358.7723424001345
1591602.6                 358.76792008874503
1591602.8                 358.76346580584476
1591603                   358.7589792035135
1591603.2                 358.7544599287706
1591603.4                 358.7499076234772
1591603.6                 358.7453219242367
1591603.8                 358.74070246231895
1591604                   358.73604886352973
1591604.2                 358.73136074813124
1591604.4                 358.72663773073316
1591604.6                 358.721879420182
1591604.8                 358.7170854194751
1591605                   358.71225532561687
1591605.2                 358.7073887295287
1591605.4                 358.7024852159273
1591605.6                 358.6975443632012
1591605.8                 358.6925657433132
1591606                   358.687548921642
1591606.2                 358.682493456879
1591606.4                 358.67739890089337
1591606.6                 358.67226479859306
1591606.8                 358.6670906878143
1591607                   358.6618760991464
1591607.2                 358.656620555814
1591607.4                 358.65132357352604
1591607.6                 358.6459846603207
1591607.8                 358.6406033164381
1591608                   358.6351790341272
1591608.2                 358.6297112975112
1591608.4                 358.62419958241765
1591608.6                 358.61864335620476
1591608.8                 358.6130420776158
1591609                   358.6073951965644
1591609.2                 358.60170215398125
1591609.4                 358.5959623816222
1591609.6                 358.5901753018733
1591609.8                 358.584340327584
1591610                   358.5784568618283
1591610.2                 358.5725242977281
1591610.4                 358.5665420182383
1591610.6                 358.5605093959255
1591610.8                 358.5544257927777
1591611                   358.54829055993645
1591611.2                 358.54210303749517
1591611.4                 358.5358625542555
1591611.6                 358.5295684274773
1591611.8                 358.52321996265937
1591612                   358.51681645324015
1591612.2                 358.51035718036525
1591612.4                 358.50384141261117
1591612.6                 358.4972684057018
1591612.8                 358.4906374022561
1591613                   358.4839476314512
1591613.2                 358.4771983087551
1591613.4                 358.4703886356119
1591613.6                 358.46351779911953
1591613.8                 358.4565849717387
1591614                   358.4495893109128
1591614.2                 358.44252995875854
1591614.4                 358.43540604170835
1591614.6                 358.42821667014107
1591614.8                 358.4209609380462
1591615                   358.4136379225933
1591615.2                 358.40624668377427
1591615.4                 358.39878626399326
1591615.6                 358.39125568764496
1591615.8                 358.38365396072476
1591616                   358.375980070339
1591616.2                 358.3682329842907
1591616.4                 358.3604116506087
1591616.6                 358.3525149970621
1591616.8                 358.3445419307085
1591617                   358.33649133733445
1591617.2                 358.3283620809737
1591617.4                 358.3201530033648
1591617.6                 358.31186292339123
1591617.8                 358.3034906365547
1591618                   358.29503491433434
1591618.2                 358.28649450362474
1591618.4                 358.27786812610844
1591618.6                 358.26915447760814
1591618.8                 358.26035222747146
1591619                   358.251460017833
1591619.2                 358.2424764629573
1591619.4                 358.23340014851027
1591619.6                 358.2242296308067
1591619.8                 358.21496343608834
1591620                   358.2056000596718
1591620.2                 358.19613796517734
1591620.4                 358.1865755836789
1591620.6                 358.17691131282675
1591620.8                 358.16714351599876
1591621                   358.15727052131024
1591621.2                 358.1472906207057
1591621.4                 358.1372020689645
1591621.6                 358.12700308267233
1591621.8                 358.11669183921987
1591622                   358.1062664756469
1591622.2                 358.09572508756906
1591622.4                 358.08506572800843
1591622.6                 358.07428640618355
1591622.8                 358.06338508632217
1591623                   358.05235968630615
1591623.2                 358.0412080763977
1591623.4                 358.02992807785745
1591623.6                 358.01851746151476
1591623.8                 358.0069739463537
1591624                   357.9952951979165
1591624.2                 357.98347882678473
1591624.4                 357.97152238693917
1591624.6                 357.9594233740601
1591624.8                 357.9471792238386
1591625                   357.9347873100825
1591625.2                 357.9222449428985
1591625.4                 357.9095493667345
1591625.6                 357.89669775834994
1591625.8                 357.88368722478674
1591626                   357.8705148011119
1591626.2                 357.85717744822875
1591626.4                 357.8436720505291
1591626.6                 357.82999541345526
1591626.8                 357.8161442610489
1591627                   357.80211523324516
1591627.2                 357.78790488322375
1591627.4                 357.77350967457494
1591627.6                 357.758925978355
1591627.8                 357.7441500701095
1591628                   357.72917812660756
1591628.2                 357.714006222618
1591628.4                 357.69863032746866
1591628.6                 357.68304630146577
1591628.8                 357.6672498922587
1591629                   357.6512367308714
1591629.2                 357.63500232775476
1591629.4                 357.61854206858146
1591629.6                 357.6018512098635
1591629.8                 357.5849248744839
1591630                   357.5677580468386
1591630.2                 357.5503455679718
1591630.4                 357.53268213039973
1591630.6                 357.5147622727086
1591630.8                 357.49658037402287
1591631                   357.4781306480165
1591631.2                 357.45940713687145
1591631.4                 357.4404037048601
1591631.6                 357.42111403163545
1591631.8                 357.40153160533197
1591632                   357.381649715121
1591632.2                 357.3614614436533
1591632.4                 357.34095965903526
1591632.6                 357.3201370064276
1591632.8                 357.298985899371
1591633                   357.27749851045155
1591633.2                 357.2556667617678
1591633.4                 357.2334823148121
1591633.6                 357.2109365598573
1591633.8                 357.1880206049564
1591634                   357.1647252641281
1591634.2                 357.14104104522363
1591634.4                 357.11695813704677
1591634.6                 357.0924663958178
1591634.8                 357.06755533109094
1591635                   357.0422140906519
1591635.2                 357.01643144492243
1591635.4                 356.99019577039945
1591635.6                 356.96349503221336
1591635.8                 356.9363167659131
1591636                   356.90864805794956
1591636.2                 356.8804755254188
1591636.4                 356.8517852945302
1591636.6                 356.8225629778804
1591636.8                 356.79279365062865
1591637                   356.76246182497897
1591637.2                 356.73155142355876
1591637.4                 356.70004575109033
1591637.6                 356.66792746441314
1591637.8                 356.6351785409403
1591638                   356.60178024486163
1591638.2                 356.5677130917141
1591638.4                 356.53295681061604
1591638.6                 356.4974903041952
1591638.8                 356.4612916062581
1591639                   356.4243378363985
1591639.2                 356.386605152179
1591639.4                 356.3480686980561
1591639.6                 356.30870255102195
1591639.8                 356.26847966294895
1591640                   356.2273717986796
1591640.2                 356.1853494704831
1591640.4                 356.1423818678743
1591640.6                 356.0984367826692
1591640.8                 356.05348052915787
1591641                   356.00747785821267
1591641.2                 355.96039186589735
1591641.4                 355.91218389531764
1591641.6                 355.86281343141536
1591641.8                 355.81223798840466
1591642                   355.76041298833053
1591642.2                 355.7072916311789
1591642.4                 355.6528247548856
1591642.6                 355.59696068464933
1591642.8                 355.5396450709218
1591643                   355.4808207140323
1591643.2                 355.42042737557404
1591643.4                 355.35840157427907
1591643.6                 355.2946763652533
1591643.8                 355.22918110135834
1591644                   355.16184117384466
1591644.2                 355.092577731744
1591644.4                 355.02130737671064
1591644.6                 354.9479418312077
1591644.8                 354.8723875777376
1591645                   354.7945454647535
1591645.2                 354.714310277517
1591645.4                 354.63157026875393
1591645.6                 354.54620664516904
1591645.8                 354.45809300543044
1591646                   354.3670947225977
1591646.2                 354.27306826672395
1591646.4                 354.1758604590654
1591646.6                 354.0753076503294
1591646.8                 353.97123481443145
1591647                   353.8634545455793
1591647.2                 353.75176594913074
1591647.4                 353.6359534108711
1591647.6                 353.51578522965525
1591647.8                 353.39101209621003
1591648                   353.2613653953177
1591648.2                 353.1265553103059
1591648.4                 352.9862687001198
1591648.6                 352.8401667175412
1591648.8                 352.6878821321002
1591649                   352.52901631150917
1591649.2                 352.3631358139719
1591649.4                 352.18976852889983
1591649.6                 352.00839929622896
1591649.8                 351.81846492203783
1591650                   351.6193484883823
1591650.2                 351.41037284391564
1591650.4                 351.1907931316906
1591650.6                 350.9597881867985
1591650.8                 350.7164506028045
1591651                   350.45977521838853
1591651.2                 350.188645733022
1591651.4                 349.9018190865346
1591651.6                 349.5979071619917
1591651.8                 349.2753552708545
1591652                   348.93241674468396
1591652.2                 348.5671228086369
1591652.4                 348.1772466941461
1591652.6                 347.760260691955
1591652.8                 347.31328450927754
1591653                   346.8330228470901
1591653.2                 346.31568956139415
1591653.4                 345.75691501150743
1591653.6                 345.1516322309132
1591653.8                 344.4939362697293
1591654                   343.77690933845093
1591654.2                 342.992402146017
1591654.4                 342.13075880006704
1591654.6                 341.18046867899074
1591654.8                 340.1277234701414
1591655                   338.9558507922421
1591655.2                 337.64458737145617
1591655.4                 336.16914463042104
1591655.6                 334.4990090267975
1591655.8                 332.5964119307225
1591656                   330.4144080461506
1591656.2                 327.89453801214603
1591656.4                 324.9641643589025
1591656.6                 321.53385237478807
1591656.8                 317.49579012323426
1591657                   312.72547356077104
1591657.2                 307.0909702813238
1591657.4                 300.47662858840596
1591657.6                 292.82841735841816
1591657.8                 284.2191372167351
1591658                   274.9064465702643
1591658.2                 265.3288992544978
1591658.4                 256.00377632197115
1591658.6                 247.3731945817049
1591658.8                 239.69970560021383
1591659                   233.060105542713
1591659.2                 227.40265693471233
1591659.4                 222.612584928129
1591659.6                 218.5579973553396
1591659.8                 215.11405169689857
1591660                   212.1724831877428
1591660.2                 209.64341476301203
1591660.4                 207.45382414870116
1591660.6                 205.54493484589872
1591660.8                 203.86954704474053
1591661                   202.38969034817833
1591661.2                 201.07469197937002
1591661.4                 199.8996376557808
1591661.6                 198.84416457029397
1591661.8                 197.8915211717972
1591662                   197.0278358149225
1591662.2                 196.24154691645816
1591662.4                 195.5229573156217
1591662.6                 194.863884091621
1591662.8                 194.2573818827145
1591663                   193.6975229894596
1591663.2                 193.1792215703993
1591663.4                 192.69809223318146
1591663.6                 192.2503356171991
1591663.8                 191.83264527861422
1591664                   191.44213147577085
1591664.2                 191.0762584546205
1591664.4                 190.73279256433682
1591664.6                 190.40975911699886
1591664.8                 190.1054063446466
1591665                   189.8181751403572
1591665.2                 189.54667354775754
1591665.4                 189.2896551569635
1591665.6                 189.04600073504508
1591665.8                 188.81470254656688
1591666                   188.59485091596235
1591666.2                 188.38562267447486
1591666.4                 188.1862711894047
1591666.6                 187.99611773149377
1591666.8                 187.81454397805547
1591667                   187.64098547947725
1591667.2                 187.4749259524362
1591667.4                 187.31589227832131
1591667.6                 187.1634501087201
1591667.8                 187.0171999950271
1591668                   186.8767739686471
1591668.2                 186.74183251516257
1591668.4                 186.6120618885395
1591668.6                 186.48717172253762
1591668.8                 186.3668929025103
1591669                   186.2509756632192
1591669.2                 186.13918788782922
1591669.4                 186.03131358193198
1591669.6                 185.92715150262129
1591669.8                 185.82651392518986
1591670                   185.72922552997895
1591670.2                 185.63512239815142
1591670.4                 185.5440511026263
1591670.6                 185.4558678843582
1591670.8                 185.37043790527864
1591671                   185.2876345682993
1591671.2                 185.2073388993269
1591671.4                 185.12943898346586
1591671.6                 185.053829450396
1591671.8                 184.98041100442873
1591672                   184.9090899935623
1591672.2                 184.83977801541775
1591672.4                 184.77239155527192
1591672.6                 184.70685165356446
1591672.8                 184.64308360048778
1591673                   184.5810166540574
1591673.2                 184.52058378097954
1591673.4                 184.46172141718475
1591673.6                 184.40436924664206
1591673.8                 184.34846999717126
1591674                   184.2939692508105
1591674.2                 184.24081526877214
1591674.4                 184.18895882880267
1591674.6                 184.13835307422715
1591674.8                 184.08895337399693
1591675                   184.04071719198464
1591675.2                 183.99360396591075
1591675.4                 183.9475749942927
1591675.6                 183.90259333106303
1591675.8                 183.85862368751208
1591676                   183.81563234022522
1591676.2                 183.77358704556516
1591676.4                 183.732456959455
1591676.6                 183.69221256231612
1591676.8                 183.65282558900608
1591677                   183.61426896270723
1591677.2                 183.5765167333818
1591677.4                 183.53954401979496
1591677.6                 183.50332695507694
1591677.8                 183.46784263577894
1591678                   183.43306907356398
1591678.2                 183.3989851501658
1591678.4                 183.36557057478572
1591678.6                 183.33280584396618
1591678.8                 183.3006722039589
1591679                   183.2691516148659
1591679.2                 183.23822671717286
1591679.4                 183.20788079997115
1591679.6                 183.17809777094246
1591679.8                 183.1488621281619
1591680                   183.120158933097
1591680.2                 183.09197378539824
1591680.4                 183.0642927988709
1591680.6                 183.03710257872098
1591680.8                 183.01039020015241
1591681                   182.98414318776884
1591681.2                 182.95834949634622
1591681.4                 182.93299749243698
1591681.6                 182.9080759369093
1591681.8                 182.88357396850796
1591682                   182.85948108795202
1591682.2                 182.83578714310175
1591682.4                 182.8124823147141
1591682.6                 182.78955710289236
1591682.8                 182.76700231432338
1591683                   182.74480904986413
1591683.2                 182.72296869297875
1591683.4                 182.70147289859224
1591683.6                 182.6803135824666
1591683.8                 182.65948291119287
1591684                   182.63897329240237
1591684.2                 182.61877736566595
1591684.4                 182.59888799368753
1591684.6                 182.57929825389513
1591684.8                 182.560001430521
1591685                   182.54099100680932
1591685.2                 182.52226065779024
1591685.4                 182.5038042432591
1591685.6                 182.48561580106195
1591685.8                 182.46768954077507
1591686                   182.45001983744731
1591686.2                 182.4326012258153
1591686.4                 182.41542839466013
1591686.6                 182.39849618140153
1591686.8                 182.38179956701438
1591687                   182.3653336709622
1591687.2                 182.34909374653088
1591687.4                 182.3330751762572
1591687.6                 182.31727346754357
1591687.8                 182.30168424853994
1591688                   182.28630326400932
1591688.2                 182.27112637153817
1591688.4                 182.25614953780604
1591688.6                 182.24136883500253
1591688.8                 182.22678043746888
1591689                   182.2123806183003
1591689.2                 182.19816574624716
1591689.4                 182.18413228265098
1591689.6                 182.17027677849734
1591689.8                 182.15659587165973
1591690                   182.14308628408804
1591690.2                 182.12974481925977
1591690.4                 182.11656835964695
1591690.6                 182.10355386427705
1591690.8                 182.09069836645787
1591691                   182.0779989714362
1591691.2                 182.06545285428928
1591691.4                 182.0530572578185
1591691.6                 182.04080949051854
1591691.8                 182.02870692468932
1591692                   182.01674699447418
1591692.2                 182.0049271941065
1591692.4                 181.99324507614824
1591692.6                 181.9816982497897
1591692.8                 181.97028437927463
1591693                   181.9590011822471
1591693.2                 181.9478464282861
1591693.4                 181.93681793742462
1591693.6                 181.92591357871888
1591693.8                 181.91513126892843
1591694                   181.9044689711152
1591694.2                 181.89392469341345
1591694.4                 181.88349648777847
1591694.6                 181.87318244877625
1591694.8                 181.8629807124728
1591695                   181.85288945524044
1591695.2                 181.84290689272106
1591695.4                 181.83303127876331
1591695.6                 181.8232609043948
1591695.8                 181.8135940968827
1591696                   181.8040292187122
1591696.2                 181.7945646667087
1591696.4                 181.7851988711316
1591696.6                 181.77593029479684
1591696.8                 181.76675743228003
1591697                   181.75767880903769
1591697.2                 181.74869298066113
1591697.4                 181.73979853210056
1591697.6                 181.73099407691305
1591697.8                 181.72227825658376
1591698                   181.71364973976654
1591698.2                 181.7051072216479
1591698.4                 181.69664942327964
1591698.6                 181.68827509093174
1591698.8                 181.67998299551235
1591699                   181.67177193190855
1591699.2                 181.66364071844242
1591699.4                 181.6555881962949
1591699.6                 181.6476132289465
1591699.8                 181.63971470168045
1591700                   181.63189152100796
